lat,lon,surface,code_culture,value
46.19392,-0.216,2.92,TRN,25550
46.20093,-0.21741,13.11,CZH,174625
46.20328,-0.21893,1.07,BTH,10785
46.20374,-0.21845,0.58,BTH,5846
46.20775,-0.2184,7.39,CZH,98434
46.21647,-0.21946,1.85,CZH,24642
46.2042,-0.2174,3.11,BTH,31348
46.20433,-0.21612,6.67,BTH,67233
46.21348,-0.21793,2.48,ORH,16640
46.21612,-0.21847,2.54,ORH,17043
46.21583,-0.21758,4.51,ORH,30262
46.21774,-0.21692,2.95,CZH,39294
46.22697,-0.22283,26.23,BTH,264398
46.23036,-0.22357,3.44,ORH,23082
46.23354,-0.21849,2.27,TRN,19862
46.42224,-0.16633,1.86,BTH,18748
46.23292,-0.22277,2.3,CZH,30636
46.23172,-0.22109,1.81,SOG,17955
46.23634,-0.22169,2.38,SOG,23609
46.24284,-0.22525,7.8,TRN,68250
46.24538,-0.22542,6.13,BTH,61790
46.24406,-0.22431,1.47,TRN,12862
46.2537,-0.22453,3.59,CZH,47818
46.25128,-0.22328,7.18,CZH,95637
46.19217,-0.21273,2.99,BTH,30139
46.25628,-0.22207,7.13,ORH,47842
46.22326,-0.22062,5.5,TRN,48125
46.2335,-0.2203,1.18,CZH,15717
46.23682,-0.22019,1.64,BTH,16531
46.22536,-0.21846,2.0,CZH,26640
46.22175,-0.21731,13.56,CZH,180619
46.22568,-0.21766,2.52,BTH,25401
46.23139,-0.21935,2.09,CZH,27838
46.23706,-0.21945,1.37,BTH,13809
46.24204,-0.22044,21.88,CZH,291441
46.2506,-0.22164,3.01,CZH,40093
46.25372,-0.22155,1.26,BTH,12700
46.24482,-0.21855,4.69,TRN,41037
46.18626,-0.21451,4.08,BTH,41126
46.19252,-0.21498,3.24,TRN,28350
46.19074,-0.21355,2.97,MIS,31689
46.19435,-0.21493,6.52,TRN,57049
46.1971,-0.2148,2.62,BTH,26409
46.20211,-0.2152,5.38,TRN,47074
46.19143,-0.21294,0.71,MIS,7575
46.19569,-0.21234,3.88,BTH,39110
46.20906,-0.2156,6.48,BTH,65318
46.20714,-0.21535,1.55,BTH,15623
46.2051,-0.21488,3.02,BTH,30441
46.21202,-0.21528,11.15,BTH,112392
46.21474,-0.21547,2.21,BTH,22276
46.2192,-0.21584,3.7,BTH,37296
46.20704,-0.21311,3.5,BTH,35279
46.20974,-0.21286,2.36,FLA,47199
46.214,-0.2137,1.63,BTH,16430
46.18431,-0.21022,6.88,BTH,69350
46.20224,-0.21191,7.74,TRN,67725
46.19438,-0.21086,2.6,ORP,17446
46.19644,-0.21174,3.82,BDH,38505
46.18989,-0.20934,0.58,BTH,5846
46.18586,-0.20809,6.9,CZH,91908
46.19804,-0.21046,4.88,BDH,49190
46.19542,-0.20913,1.39,BTH,14011
46.2041,-0.21212,4.64,BTH,46771
46.208,-0.21228,1.56,BTH,15724
46.20864,-0.21179,1.14,BTH,11491
46.21581,-0.21285,2.75,BTH,27720
46.21668,-0.21285,1.9,ORH,12748
46.2183,-0.21315,12.89,BTH,129931
46.21482,-0.20963,8.74,TRN,76475
46.21738,-0.21049,1.85,BTH,18648
46.22719,-0.21435,15.19,CZH,202330
46.2227,-0.21434,9.38,BTH,94550
46.23084,-0.21503,14.66,CZH,195271
46.2377,-0.21539,2.8,BTH,28224
46.24594,-0.21704,10.97,CZH,146120
46.2482,-0.21812,4.61,TRN,40337
46.24933,-0.21753,2.45,BTH,24696
46.24127,-0.21673,6.3,MIS,67221
46.22442,-0.21261,4.21,BTH,42436
46.23812,-0.21431,1.8,BTH,18144
46.2257,-0.21169,5.77,BTH,58161
46.22996,-0.2121,0.74,CZH,9856
46.22858,-0.21165,5.16,ORH,34623
46.22246,-0.21046,7.44,BTH,74995
46.23936,-0.21236,3.95,CZH,52614
46.2484,-0.21459,6.61,CZH,88045
46.24644,-0.21423,7.76,TRN,67899
46.27816,-0.22632,15.5,CZH,206460
46.28156,-0.22709,5.63,BTH,56750
46.2555,-0.21481,5.06,ORH,33952
46.24136,-0.2133,3.23,MIS,34464
46.25022,-0.21375,11.03,ORH,74011
46.26536,-0.22564,2.26,BTH,22780
46.25882,-0.22534,14.06,TRN,123025
46.25858,-0.22342,1.33,ORH,8924
46.27315,-0.22496,2.51,BTH,25300
46.27618,-0.22423,8.65,ORH,58041
46.27234,-0.22351,3.65,TRN,31937
46.2865,-0.22618,4.82,BDH,48585
46.28408,-0.22474,1.56,BTH,15724
46.28342,-0.22393,3.58,SOG,35513
46.29003,-0.22491,7.57,BTH,76305
46.28608,-0.22444,2.83,ORH,18989
46.27022,-0.22209,2.01,BTH,20260
46.27303,-0.22245,1.55,BTH,15623
46.27482,-0.22304,6.5,BTH,65519
46.26086,-0.22013,8.96,BTH,90316
46.26288,-0.22063,3.43,TRN,30012
46.26912,-0.22118,3.14,BTH,31651
46.26774,-0.22059,0.83,TRN,7262
46.27264,-0.22012,0.77,BTH,7761
46.27224,-0.22007,1.92,BTH,19353
46.27922,-0.22321,11.26,CZH,149983
46.28562,-0.22335,0.82,BTH,8265
46.28782,-0.2233,7.15,BDH,72072
46.29244,-0.22301,1.41,BTH,14212
46.28326,-0.22224,1.91,BTH,19252
46.28478,-0.22244,2.2,TRN,19250
46.28179,-0.21981,12.37,TRN,108237
46.28432,-0.22158,0.03,TRN,262
46.2874,-0.22081,3.6,MIS,38412
46.2899,-0.2209,3.5,ORH,23485
46.31159,-0.22823,2.65,MIE,28275
46.30434,-0.22738,5.72,TTH,49649
46.30254,-0.22594,1.89,BTH,19051
46.31257,-0.22646,1.61,BTH,16228
46.31947,-0.22908,2.82,BTH,28425
46.3173,-0.22856,2.12,TRN,18550
46.3157,-0.22783,3.23,ORH,21673
46.32104,-0.22861,1.59,BTH,16027
46.33098,-0.23028,3.4,BTH,34272
46.3236,-0.2282,2.62,MIE,27955
46.3151,-0.22487,0.48,BTH,4838
46.31863,-0.22731,2.58,BTH,26006
46.32005,-0.22726,1.43,MIS,15258
46.31624,-0.22648,1.9,TRN,16625
46.31421,-0.22613,0.94,TRN,8224
46.3279,-0.22792,0.58,BTH,5846
46.32525,-0.22695,4.47,CZH,59540
46.3229,-0.22673,3.91,ORP,26236
46.32756,-0.22681,0.85,BTH,8568
46.3028,-0.225,1.06,MIS,11310
46.30312,-0.22374,2.09,TTH,18141
46.26898,-0.21297,2.49,BTH,25099
46.31026,-0.22368,3.56,TTH,30900
46.30334,-0.222,2.44,MIS,26034
46.30943,-0.22333,3.99,TRN,34912
46.30452,-0.223,2.38,MIS,25394
46.31304,-0.22326,3.64,BTH,36691
46.321,-0.22623,1.51,MIS,16111
46.31626,-0.22553,3.33,ORH,22344
46.31884,-0.22456,4.74,BTH,47779
46.32013,-0.22535,0.47,MIS,5014
46.32464,-0.22594,0.86,MIS,9176
46.32708,-0.22599,0.59,BTH,5947
46.32682,-0.2256,0.55,BTH,5544
46.32738,-0.22555,0.25,BTH,2520
46.33046,-0.22535,1.24,BTH,12499
46.31356,-0.22381,3.72,TRN,32550
46.31568,-0.22377,1.44,BTH,14515
46.32049,-0.22443,1.48,MIS,15791
46.32126,-0.22385,1.49,MIS,15898
46.31478,-0.22291,1.58,BTH,15926
46.31712,-0.22353,0.9,TRN,7875
46.31594,-0.22273,1.27,BTH,12801
46.33142,-0.22526,1.3,MIE,13871
46.32799,-0.22379,13.22,BTH,133257
46.3243,-0.2234,1.15,MIS,12270
46.33164,-0.22453,2.56,TRN,22400
46.26795,-0.21955,2.5,BTH,25200
46.2671,-0.21776,2.73,TRN,23887
46.2709,-0.21834,9.7,TRN,84875
46.28453,-0.22011,3.47,ORH,23283
46.27776,-0.2193,3.12,BTH,31449
46.291,-0.22151,2.73,TRN,23887
46.28731,-0.21924,8.4,BTH,84672
46.28588,-0.21925,0.5,ORH,3355
46.27743,-0.21724,3.35,MIS,35744
46.2842,-0.21859,3.11,BTH,31348
46.29288,-0.21862,3.13,BTH,31550
46.26598,-0.21528,1.58,SOG,15673
46.2746,-0.21651,2.37,BTH,23889
46.2766,-0.21584,2.5,BTH,25200
46.27288,-0.21477,1.78,BTH,17942
46.27018,-0.21474,3.39,BDH,34171
46.27316,-0.21392,4.39,BTH,44251
47.24316,-0.39337,0.1,VRC,840
46.28254,-0.21585,4.37,SOJ,76038
46.29058,-0.2162,11.1,BTH,111888
46.28153,-0.21532,1.52,BTH,15321
46.28459,-0.21559,8.5,BTH,85679
46.28734,-0.21569,5.92,ORH,39723
46.28768,-0.21574,2.47,BTH,24897
46.30723,-0.22097,1.2,SOJ,20880
46.31093,-0.22104,1.33,TTH,11544
46.31008,-0.22089,0.42,TRN,3675
46.30163,-0.21908,3.88,MIS,41399
46.3182,-0.22257,2.71,TRN,23712
46.31602,-0.22166,2.02,BTH,20361
46.33022,-0.22275,0.86,MIE,9176
46.31623,-0.2207,1.69,BTH,17035
46.31698,-0.22004,2.88,BTH,29030
46.06915,-0.19975,2.94,ORH,19727
46.33098,-0.22163,1.42,MIS,15151
46.3267,-0.21965,3.22,MIS,34357
46.31268,-0.21799,1.21,TRN,10587
46.31052,-0.21771,13.74,TRN,120225
46.29988,-0.21627,1.11,BTH,11188
46.30374,-0.21643,14.03,BTH,141422
46.30815,-0.21648,4.82,TRN,42175
46.31418,-0.21909,9.18,BTH,92534
46.31601,-0.21894,0.95,BTH,9575
46.31729,-0.21778,1.95,MIS,20806
46.32992,-0.2199,6.79,BTH,68443
46.32639,-0.21827,0.71,ORP,4764
46.31612,-0.21614,1.7,CZH,22644
46.32863,-0.21823,1.6,BTH,16128
46.32908,-0.21758,0.38,BTH,3830
46.33009,-0.217,0.44,TRN,3850
46.0629,-0.20055,1.13,BTH,11390
46.06592,-0.20049,2.49,ORH,16707
46.0649,-0.1995,3.3,BTH,33263
46.07136,-0.19992,7.78,TRN,68075
46.06719,-0.19827,3.35,BTH,33768
46.06208,-0.19691,4.7,BTH,47376
46.06839,-0.19802,1.61,BTH,16228
46.06647,-0.19666,1.69,BTH,17035
46.07389,-0.19674,1.96,ORH,13151
46.06677,-0.19624,0.59,ORH,3958
46.06568,-0.19602,1.61,BTH,16228
46.0698,-0.19649,10.4,BTH,104832
46.06643,-0.19505,2.85,BTH,28728
46.08069,-0.20207,6.54,BTH,65923
46.07796,-0.20015,7.96,TRN,69649
46.0801,-0.20083,3.58,ORH,24021
46.08419,-0.20007,6.14,BTH,61891
46.09204,-0.20208,10.2,BTH,102816
46.07361,-0.19944,11.12,CZH,148118
46.08266,-0.19927,1.44,CZH,19180
46.09468,-0.20126,3.68,BTH,37094
46.10062,-0.20198,12.19,BTH,122875
46.15088,-0.20192,13.08,TRN,114450
46.10744,-0.20362,5.96,MIS,63593
46.11153,-0.20168,8.3,BTN,213393
46.10559,-0.20078,4.01,TRN,35087
46.07737,-0.19776,2.7,TRN,23625
46.08273,-0.19851,2.05,MIS,21873
46.0963,-0.19906,10.05,ORH,67435
46.09968,-0.19825,1.75,BTH,17639
46.07848,-0.19782,0.31,ORH,2080
46.08232,-0.19755,1.4,ORH,9394
46.0844,-0.1984,0.76,MIE,8109
46.08509,-0.19808,0.86,CZH,11455
46.09084,-0.19825,6.56,BTH,66124
46.07917,-0.19695,0.38,TRN,3324
46.08293,-0.19675,2.87,BTH,28929
46.07829,-0.19589,1.06,TRN,9275
46.08634,-0.19717,3.99,TRN,34912
46.08476,-0.19668,1.3,MIE,13871
46.08434,-0.19562,1.47,ORH,9863
46.09367,-0.19909,6.97,TRN,60987
46.1423,-0.20021,4.31,MIE,45987
46.1063,-0.20006,11.99,BTH,120859
46.10186,-0.19901,1.46,TRN,12775
46.0992,-0.19754,2.52,TRN,22050
46.10365,-0.19812,0.65,BTH,6552
46.05506,-0.19229,1.76,TRN,15400
46.05812,-0.19352,1.76,BTH,17740
46.0727,-0.19436,6.89,BTH,69451
46.06574,-0.19383,1.39,BTH,14011
46.06883,-0.19343,4.19,BTH,42235
46.05976,-0.19237,5.28,TRN,46200
46.05762,-0.19212,4.99,CZH,66466
46.07298,-0.19175,3.03,TRN,26512
46.06176,-0.18978,10.73,CZH,142923
46.0576,-0.18975,5.78,BTH,58262
46.06984,-0.1909,4.08,TRN,35699
46.06514,-0.19061,9.07,BTH,91425
46.0712,-0.19075,1.51,ORH,10132
46.06372,-0.1896,2.75,BTH,27720
46.05755,-0.18746,9.9,TRN,86625
46.06808,-0.18851,14.17,BTH,142833
46.07321,-0.18963,5.37,BTH,54129
46.0705,-0.18874,2.97,BTH,29937
46.07438,-0.19477,5.71,BTH,57556
46.07588,-0.19455,0.27,ORH,1811
46.08261,-0.19544,0.51,TRN,4462
46.08106,-0.1953,5.05,BTH,50904
46.08302,-0.19475,0.25,BTH,2520
46.08325,-0.19509,0.35,ORH,2348
46.08591,-0.19504,0.86,TRN,7524
46.08978,-0.19573,1.68,TRN,14700
46.09236,-0.19538,10.8,BTH,108864
46.08894,-0.19495,5.64,MIE,60178
46.08214,-0.19392,1.68,ORH,11272
46.07471,-0.19212,2.83,TRN,24762
46.07591,-0.19223,2.98,BTH,30038
46.07918,-0.19218,3.76,BTH,37900
46.08474,-0.19325,8.03,BTH,80942
46.09881,-0.19558,3.12,MCR,30950
46.09733,-0.19553,2.95,CZH,39294
46.09583,-0.19432,4.5,BTH,45359
46.10852,-0.19552,2.95,BTH,29736
46.0949,-0.19419,5.41,BTH,54532
46.10006,-0.19439,4.99,BTH,50299
46.10168,-0.19307,2.97,MIS,31689
46.10345,-0.19372,5.9,CZH,78588
46.07705,-0.1915,1.37,TRN,11987
46.08174,-0.1919,0.79,BTH,7963
46.08128,-0.19133,1.44,TRN,12599
46.08356,-0.19111,4.4,BTH,44352
46.09173,-0.19248,4.32,TRN,37800
46.08784,-0.19165,1.15,BTH,11591
46.08724,-0.19121,2.1,BTH,21168
46.07806,-0.19001,2.78,TRN,24325
46.07962,-0.19021,2.9,TRN,25375
46.08274,-0.18873,7.61,ORH,51063
46.08516,-0.19054,0.94,MIS,10029
46.08744,-0.18967,1.39,BTH,14011
46.09248,-0.19197,6.04,BTH,60883
46.09923,-0.19175,3.38,BTH,34070
46.10878,-0.19262,3.88,BTH,39110
46.10524,-0.19315,14.5,MLG,46400
46.10106,-0.19126,0.13,MIE,1387
46.09622,-0.19013,5.65,BTH,56952
46.09947,-0.19042,0.48,MIS,5121
46.10244,-0.19103,2.85,ORH,19123
46.11478,-0.20391,1.09,TRN,9537
46.11338,-0.20293,5.21,BTH,52516
46.12144,-0.20481,9.94,TRN,86975
46.12822,-0.205,14.66,BTH,147772
46.12156,-0.20302,3.14,ORH,21069
46.1157,-0.20254,0.84,ORH,5636
46.11574,-0.20089,1.61,ORH,10803
46.11566,-0.20147,0.95,TRN,8312
46.12005,-0.20263,10.59,CZH,141058
46.1274,-0.20242,3.25,BTH,32760
46.1269,-0.20154,3.75,BTH,37800
46.13504,-0.20499,1.41,MIS,15044
46.16536,-0.2012,2.75,BTH,27720
46.1444,-0.20616,6.52,MIE,69568
46.13592,-0.20362,3.2,MIS,34144
46.13792,-0.20116,4.69,MIS,50042
46.14446,-0.20349,4.17,MIE,44493
46.14298,-0.20241,3.65,MIE,38945
46.11521,-0.20059,3.31,BTH,33364
46.11848,-0.20183,7.67,CZH,102164
46.11811,-0.20057,10.5,BTH,105840
46.12368,-0.20054,0.49,MLG,1568
46.12462,-0.20119,7.71,BTH,77716
46.12375,-0.20016,0.46,BTH,4636
46.12328,-0.20007,0.27,CZH,3596
46.1526,-0.20626,3.72,BTH,37497
46.16123,-0.20035,8.05,BTH,81144
46.11366,-0.19739,16.45,MIS,175521
46.13104,-0.20061,1.38,MIE,14724
46.13642,-0.20137,3.45,MIS,36811
46.1321,-0.20044,2.19,MIE,23367
46.13394,-0.20002,11.48,MIS,122491
46.13962,-0.20158,1.79,MIS,19099
46.14596,-0.20077,2.51,MIE,26781
46.15516,-0.20655,6.61,BTH,66628
46.16056,-0.2057,4.17,BTH,42033
46.15126,-0.20395,1.8,BTH,18144
46.15526,-0.20359,0.6,BTH,6048
46.1569,-0.20582,4.94,BTH,49795
46.16361,-0.20595,6.5,BTH,65519
46.15729,-0.20363,4.16,TRN,36400
46.16313,-0.20473,2.64,BTH,26611
46.16203,-0.20409,1.71,BTH,17236
46.16636,-0.20544,7.8,BTH,78624
46.17024,-0.20455,1.5,TRN,13125
46.1684,-0.20357,12.47,TRN,109112
46.18065,-0.20634,5.16,BTH,52012
46.17659,-0.20524,7.22,TRN,63175
46.15506,-0.20203,3.58,TRN,31325
46.16269,-0.20168,4.0,BTH,40320
46.17076,-0.20277,2.95,BTH,29736
46.18135,-0.20412,5.13,BTH,51710
46.16986,-0.20196,1.37,BTH,13809
46.17874,-0.20275,5.28,BTH,53222
46.1796,-0.20129,2.46,BTH,24796
46.12723,-0.19762,1.63,BTH,16430
46.12831,-0.1972,1.44,MIE,15364
46.12561,-0.1976,22.45,BTH,226296
46.12918,-0.19609,2.94,MIS,31369
46.12853,-0.19498,0.55,MIE,5868
46.1339,-0.19796,0.82,MIS,8749
46.13718,-0.19829,1.54,MIS,16431
46.13168,-0.19784,7.53,MIS,80345
46.14502,-0.19915,0.44,MIS,4694
46.14424,-0.19843,2.99,MIS,31903
46.1455,-0.1982,1.19,MIS,12697
46.1338,-0.19643,2.63,MIS,28062
46.13492,-0.19684,1.35,MIS,14404
46.13602,-0.19706,0.58,MIS,6188
46.13772,-0.1959,2.32,MIS,24754
46.14278,-0.19707,0.75,MIE,8002
46.14674,-0.19734,2.58,MIE,27528
46.1274,-0.19473,5.65,MIE,60285
46.15276,-0.18196,3.38,MIE,36064
46.12331,-0.19367,1.93,CZH,25707
46.11144,-0.19136,11.41,ORH,76561
46.11902,-0.19188,5.99,ORH,40192
46.12672,-0.19236,0.95,MIE,10136
46.12268,-0.19187,14.54,BTH,146563
46.12674,-0.19191,1.18,MIE,12590
46.13102,-0.19475,1.92,MIS,20486
46.13363,-0.19501,0.84,MIE,8962
46.13477,-0.19516,4.63,MIS,49402
46.13302,-0.19314,2.7,MIS,28809
46.13742,-0.1939,3.44,MIE,36704
46.14536,-0.19574,2.21,BTH,22276
46.12954,-0.19145,2.11,MIE,22513
46.13388,-0.19282,2.53,MIE,26995
46.14735,-0.19355,12.53,BTH,126302
46.14972,-0.19935,6.12,TRN,53550
46.15765,-0.19853,5.3,TRN,46375
46.1486,-0.19773,2.19,BTH,22075
46.15584,-0.19784,4.19,BTH,42235
46.15024,-0.19696,4.33,BTH,43646
46.15503,-0.19621,6.02,BTH,60681
46.17093,-0.20022,6.1,TRN,53375
46.17404,-0.20027,0.72,MIE,7682
46.18398,-0.20135,2.69,BTH,27115
46.17379,-0.19922,0.92,MIS,9816
46.19599,-0.20834,0.8,TRN,7000
46.17082,-0.19825,11.97,BDH,120657
46.18018,-0.19906,1.65,BTH,16631
46.15455,-0.194,9.71,TRN,84962
46.15832,-0.197,4.17,BTH,42033
46.15998,-0.19711,8.01,CZH,106693
46.16575,-0.19537,8.87,BTH,89409
46.14876,-0.19541,6.98,TRN,61075
46.15748,-0.19388,10.04,TRN,87850
46.16196,-0.19419,4.62,BTH,46569
46.06198,-0.18714,0.3,BTH,3024
46.17448,-0.19741,6.02,BTN,154774
46.18448,-0.19821,9.0,BTH,90720
46.17072,-0.19549,4.05,BTH,40824
46.17119,-0.19372,9.2,CZH,122544
46.17446,-0.19524,2.6,BTN,66846
46.18282,-0.19561,5.0,BTH,50400
46.05546,-0.18553,4.86,BTH,48988
46.05578,-0.18673,3.01,ORH,20197
46.06053,-0.18625,2.59,BTH,26107
46.06504,-0.18633,1.53,ORH,10266
46.06482,-0.18775,3.78,BTH,38102
46.07221,-0.18792,2.99,TRN,26162
46.07048,-0.18716,2.04,BTH,20563
46.05784,-0.1843,5.54,BTH,55843
46.06055,-0.18519,0.33,BTH,3326
46.06512,-0.18488,1.87,ORH,12547
46.07046,-0.18505,4.05,BTH,40824
46.05378,-0.1835,1.65,BTH,16631
46.0537,-0.18233,1.86,BTH,18748
46.05331,-0.18131,1.89,TRN,16537
46.05964,-0.1845,2.5,BTH,25200
46.0609,-0.18417,1.56,BTH,15724
46.06236,-0.18395,4.2,BTH,42336
46.0594,-0.18281,2.16,BTH,21772
46.10842,-0.18974,5.41,BTH,54532
46.06516,-0.18419,17.72,BTH,178617
46.0719,-0.18399,13.71,BTH,138196
46.05642,-0.18296,6.73,BTH,67838
46.05884,-0.18203,2.42,TRN,21175
46.0617,-0.18103,1.11,BTH,11188
46.0636,-0.18168,2.46,BTH,24796
46.07332,-0.18119,3.17,TRN,27737
46.07928,-0.18808,3.58,BTH,36086
46.07578,-0.18695,20.76,TRN,181650
46.0895,-0.18808,4.61,MIE,49188
46.08174,-0.18673,10.29,BTH,103723
46.07876,-0.18634,1.81,BTH,18244
46.0844,-0.18636,0.68,MIE,7255
46.08688,-0.18659,1.66,TRN,14524
46.08892,-0.18625,0.97,TRN,8487
46.08999,-0.18617,1.66,BTH,16732
46.09086,-0.18625,1.06,CZH,14119
46.09142,-0.18632,0.8,MIS,8536
46.09312,-0.18918,2.0,BTH,20160
46.10106,-0.19015,3.3,BTH,33263
46.0995,-0.18934,2.06,MIE,21980
46.09422,-0.18719,3.43,MCR,34025
46.09605,-0.18809,4.14,BTH,41731
46.09826,-0.18798,2.2,BTH,22176
46.09635,-0.18715,2.22,BTH,22377
46.11014,-0.18926,3.22,BTH,32457
46.11122,-0.18865,2.32,BTH,23385
46.08049,-0.18409,4.47,TRN,39112
46.0849,-0.18445,2.05,MIE,21873
46.08703,-0.18541,3.14,MIE,33503
46.09031,-0.18493,0.48,BTH,4838
46.08882,-0.18411,2.76,BTH,27820
46.07484,-0.18203,9.15,BTH,92232
46.07854,-0.18194,9.95,TRN,87062
46.08727,-0.18352,1.43,BTH,14414
46.08978,-0.18447,1.05,MCR,10416
46.09115,-0.18464,2.82,BTH,28425
46.09301,-0.18422,1.9,BTH,19152
46.08424,-0.18242,4.47,MIE,47694
46.09598,-0.18585,6.1,BTH,61488
46.10898,-0.18668,5.64,BTH,56851
46.09542,-0.1847,2.65,MCR,26288
46.10086,-0.18291,9.82,MCR,97414
46.10821,-0.18476,2.55,BTH,25704
46.05592,-0.17938,3.63,TRN,31762
46.05351,-0.17851,1.97,BTH,19857
46.05174,-0.17797,9.73,TRN,85137
46.05628,-0.17753,4.13,BTH,41630
46.05558,-0.18057,2.34,BTH,23587
46.065,-0.18067,4.57,BTH,46065
46.07177,-0.18055,1.24,BTH,12499
46.06108,-0.17938,9.36,BTH,94348
46.06176,-0.17897,2.01,BTH,20260
46.06992,-0.17882,12.83,CZH,170895
46.0543,-0.17638,4.78,BTH,48182
46.0455,-0.17372,2.87,TRN,25112
46.0633,-0.17767,8.99,TRN,78662
46.05658,-0.17683,1.44,ORH,9662
46.0663,-0.17771,4.35,BTH,43847
46.07354,-0.17781,3.7,BTH,37296
46.06009,-0.17564,9.76,BTH,98380
46.06662,-0.17546,7.16,CZH,95371
46.07008,-0.17576,6.76,CZH,90043
46.07288,-0.17561,3.13,BTH,31550
46.0751,-0.18102,0.46,TRN,4025
46.08143,-0.18118,1.54,BTH,15523
46.08619,-0.18169,5.56,BTH,56044
46.09102,-0.1819,8.62,BTH,86889
46.07771,-0.17876,5.17,CZH,68864
46.07954,-0.17944,3.51,BTH,35380
46.09732,-0.18259,3.45,MCR,34224
46.09346,-0.18205,5.24,BTH,52819
46.0954,-0.18201,8.74,TRN,76475
46.10786,-0.18358,3.34,ORH,22411
46.1025,-0.18329,8.55,BTH,86184
46.09942,-0.18136,5.37,TRN,46987
46.09336,-0.17996,2.43,BTH,24494
46.09789,-0.18082,1.44,MCR,14284
46.10789,-0.18188,2.99,TRN,26162
46.1056,-0.18098,13.72,CZH,182750
46.10776,-0.18133,1.51,CZH,20113
46.09045,-0.17872,4.39,BTH,44251
46.0762,-0.17587,7.13,MCR,70729
46.08599,-0.17743,19.83,BTH,199886
46.0896,-0.17725,1.49,BTH,15019
46.09162,-0.17717,2.72,BTH,27417
46.10042,-0.18034,1.95,MCR,19344
46.09601,-0.17836,5.25,MCR,52080
46.09944,-0.17851,4.68,BTH,47174
46.10293,-0.17918,3.67,BTH,36993
46.09308,-0.17696,4.34,BTH,43747
46.09518,-0.17682,1.7,BTH,17136
46.096,-0.17686,0.73,TRN,6387
46.10548,-0.17865,4.25,SOG,42160
46.10954,-0.17939,3.56,BTH,35884
46.11132,-0.17885,4.84,BTH,48787
46.1258,-0.19117,1.17,MIE,12483
46.12696,-0.19046,2.08,MIS,22193
46.1114,-0.18666,2.84,BTH,28627
46.12188,-0.18912,11.5,ORH,77164
46.12758,-0.18928,1.39,MIE,14831
46.13781,-0.19185,3.31,MIE,35317
46.13565,-0.19106,3.72,MIS,39692
46.14064,-0.18959,6.12,MIS,65300
46.11257,-0.18716,3.53,BTH,35582
46.1184,-0.18692,6.73,BTH,67838
46.12584,-0.18752,2.85,MIE,30409
46.12164,-0.18622,3.76,ORH,25229
46.12801,-0.18708,1.22,MIE,13017
46.11494,-0.18513,3.88,BTH,39110
46.12474,-0.18606,3.71,MIE,39585
46.1327,-0.18779,0.33,MIE,3521
46.13664,-0.18693,1.41,MIE,15044
46.14707,-0.18902,9.02,BTH,90921
46.13037,-0.18559,1.88,MIS,20059
46.13433,-0.18628,3.66,MIE,39052
46.13886,-0.1868,4.94,BTH,49795
46.14984,-0.1921,3.0,TRN,26250
46.15274,-0.1916,12.67,MIS,135188
46.16386,-0.19325,11.5,MIS,122705
46.16652,-0.19366,1.7,TRN,14875
46.15991,-0.19274,16.11,BTH,162388
46.15587,-0.19021,9.66,BTH,97372
46.16572,-0.19218,4.9,BTH,49391
46.17598,-0.19363,11.31,MIS,120677
46.22786,-0.20571,0.93,ORH,6240
46.151,-0.18891,5.63,BTH,56750
46.16539,-0.19022,2.52,MIE,26888
46.16324,-0.19077,10.01,MIS,106806
46.16227,-0.18887,0.06,ORH,402
46.15352,-0.18668,8.9,BTH,89711
46.14986,-0.18725,10.01,BTH,100900
46.16372,-0.18776,1.88,BTH,18950
46.17468,-0.19089,15.8,BTH,159264
46.17531,-0.1903,1.52,BTH,15321
46.18436,-0.19018,1.64,BTH,16531
46.1689,-0.18621,25.34,MIS,270377
46.11736,-0.18434,10.96,ORH,73541
46.11958,-0.18293,1.85,BTH,18648
46.11136,-0.18123,12.66,BTH,127612
46.11898,-0.18182,0.77,TRN,6737
46.1246,-0.18308,4.59,MIS,48975
46.1291,-0.18276,1.11,MIE,11843
46.13798,-0.18484,4.16,MIS,44387
46.14148,-0.1855,2.7,BTH,27216
46.14675,-0.18475,9.66,BTH,97372
46.13024,-0.18298,2.03,MIS,21660
46.1326,-0.1838,2.5,MIS,26675
46.1335,-0.18231,1.2,MIE,12804
46.13834,-0.18258,7.88,ORH,52874
46.14386,-0.18386,11.37,BTH,114609
46.11378,-0.17904,13.65,BTH,137591
46.12089,-0.18079,0.5,MLG,1600
46.12434,-0.18104,3.46,MIE,36918
46.12902,-0.1816,0.78,MIS,8322
46.12894,-0.18075,2.27,MIE,24220
46.11782,-0.1796,7.72,BTH,77817
46.1178,-0.17853,1.81,BTH,18244
46.122,-0.17849,0.78,BTH,7862
46.129,-0.17914,1.01,MIS,10776
46.13124,-0.18154,2.6,MIE,27742
46.13478,-0.18205,1.96,MIE,20913
46.13022,-0.18042,1.66,MIE,17712
46.13318,-0.1803,0.56,MIE,5975
46.13146,-0.17939,1.63,MIE,17392
46.13426,-0.17957,0.86,MIE,9176
46.13558,-0.17879,1.97,MIS,21019
46.13974,-0.18001,1.56,ORH,10467
46.15192,-0.18538,4.1,BTH,41327
46.16089,-0.18639,22.36,MIS,238581
46.15806,-0.18592,3.98,BTH,40118
46.1641,-0.18595,5.34,ORH,35831
46.16584,-0.18615,0.06,ORH,402
46.15328,-0.18455,6.07,TRN,53112
46.1733,-0.18655,3.82,BTH,38505
46.17256,-0.18567,2.42,MIE,25821
46.16926,-0.18497,4.96,BTH,49996
46.16263,-0.1805,12.81,BTH,129124
46.1644,-0.18364,8.7,BTH,87695
46.14929,-0.18087,4.99,BTH,50299
46.15542,-0.1823,17.03,TRN,149012
46.15236,-0.1802,4.11,MIE,43853
46.17116,-0.18345,1.96,BTH,19756
46.17242,-0.1831,2.79,BTH,28123
46.17057,-0.18226,2.77,BTH,27921
46.17886,-0.18518,11.19,ORH,75084
46.17687,-0.18267,10.43,BTH,105134
46.1832,-0.18371,1.63,TRN,14262
46.16722,-0.18129,14.42,MIS,153861
46.17954,-0.18201,1.98,BTH,19958
46.18144,-0.1826,10.06,TRN,88025
46.18916,-0.20712,0.58,BTH,5846
46.19574,-0.20867,0.78,BTH,7862
46.19428,-0.20743,2.63,TRN,23012
46.20186,-0.20799,10.59,BDH,106747
46.1883,-0.20638,4.39,TRN,38412
46.18711,-0.20624,0.09,PTC,1058
46.18586,-0.20466,5.4,BTH,54432
46.19667,-0.20663,7.78,BTH,78422
46.20188,-0.20611,0.06,BDH,604
46.20698,-0.20932,2.89,BTH,29131
46.20928,-0.20908,10.36,BTH,104428
46.21764,-0.20941,2.13,BTH,21470
46.21911,-0.20852,6.78,BTH,68342
46.21402,-0.20766,7.28,CZH,96969
46.2172,-0.20773,7.15,TTH,62062
46.1878,-0.20476,0.62,TRN,5425
46.22586,-0.2047,2.5,BTH,25200
46.19379,-0.20517,2.25,CZH,29970
46.19934,-0.20445,12.19,BDH,122875
46.18593,-0.20279,1.35,BTH,13608
46.19298,-0.20352,4.63,TRN,40512
46.19034,-0.20231,6.72,BTH,67737
46.19549,-0.20381,2.46,CZH,32767
46.21308,-0.20538,9.89,TTH,85845
46.21523,-0.20544,5.84,CZH,77788
46.2117,-0.20549,13.83,TRN,121012
46.22663,-0.2096,6.93,BTH,69854
46.23227,-0.21058,0.17,FLA,3400
46.22204,-0.20785,8.53,TRN,74637
46.22579,-0.20787,3.35,TRN,29312
46.22888,-0.20789,1.91,BTH,19252
46.2312,-0.20917,7.05,MIS,75223
46.23698,-0.20822,1.32,BTH,13305
46.24024,-0.21112,0.73,TRN,6387
46.25166,-0.20988,12.08,BTH,121766
46.24686,-0.21016,3.49,TRN,30537
46.2483,-0.20977,3.53,BTH,35582
46.22842,-0.20715,2.07,BTH,20865
46.22596,-0.20584,3.88,TRN,33949
46.22332,-0.20464,13.01,BTH,131140
46.22848,-0.2062,1.63,BTH,16430
46.23178,-0.20692,2.73,BTH,27518
46.2338,-0.2075,0.97,TRN,8487
46.23266,-0.20502,4.49,TRN,39287
46.23625,-0.20584,4.13,BTH,41630
46.24095,-0.20867,10.13,CZH,134931
46.24288,-0.2082,4.84,SOG,48012
46.25454,-0.20845,4.91,TRN,42962
46.25249,-0.20742,1.82,BDH,18345
46.25138,-0.2075,1.05,BTH,10584
46.23962,-0.20248,0.62,ORH,4160
46.20221,-0.20249,13.07,BTH,131745
46.19502,-0.20167,4.21,BTH,42436
46.19848,-0.19973,16.73,TTH,145216
46.18628,-0.19984,2.42,BTH,24393
46.19257,-0.20012,0.9,ORH,6039
46.18783,-0.19794,5.69,TRN,49787
46.196,-0.19949,2.16,BTH,21772
46.20754,-0.20263,4.98,BTH,50198
46.21072,-0.20234,5.64,BTH,56851
46.20648,-0.2019,2.95,TTH,25606
46.22062,-0.20332,6.71,BTH,67636
46.21781,-0.20301,2.94,BTH,29635
46.21049,-0.20115,3.87,BTH,39009
46.20367,-0.20024,3.84,MIS,40972
46.22142,-0.20079,10.59,TRN,92662
46.196,-0.19725,3.27,TRN,28612
46.18916,-0.19653,1.84,ORH,12346
46.19742,-0.19698,0.87,BTH,8769
46.20239,-0.19729,3.16,BTH,31852
46.19638,-0.19558,1.96,BTH,19756
46.20385,-0.19906,3.47,BTH,34977
46.20636,-0.19869,6.5,BTH,65519
46.20926,-0.19889,11.54,TRN,100975
46.21566,-0.20002,8.7,BTH,87695
46.21366,-0.19863,12.0,BTH,120960
46.21784,-0.19946,3.99,CZH,53146
46.20542,-0.19634,2.32,CZH,30902
46.2069,-0.19649,0.22,MIS,2347
46.20855,-0.19609,6.76,MIS,72129
46.21854,-0.19856,1.7,MIS,18139
46.2208,-0.19853,1.77,BTH,17841
46.22152,-0.20347,1.55,ORH,10400
46.2306,-0.20424,4.13,BTH,41630
46.22538,-0.20296,0.93,BTH,9374
46.22767,-0.2023,3.46,TRN,30275
46.23535,-0.20448,3.02,TRN,26425
46.23516,-0.20323,1.83,BTH,18446
46.2294,-0.20267,0.39,TRN,3412
46.23018,-0.20207,0.83,TRN,7262
46.22362,-0.20156,1.33,BTH,13406
46.23247,-0.20252,9.53,BTH,96062
46.23605,-0.20122,2.81,TRN,24587
46.24292,-0.20538,9.14,TRN,79975
46.2422,-0.2029,3.5,BTH,35279
46.24674,-0.20324,15.91,BTH,160372
46.25287,-0.20574,1.66,TRN,14524
46.25442,-0.20543,2.56,TRN,22400
46.25223,-0.20415,2.01,TRN,17587
46.25388,-0.20334,2.38,BTH,23990
46.25052,-0.20248,3.28,TRN,28700
46.25627,-0.20306,1.05,TRN,9187
46.25794,-0.20311,1.58,CZH,21045
46.22706,-0.19987,1.12,SOG,11110
46.22602,-0.19952,2.49,BTH,25099
46.2384,-0.20051,14.51,ORH,97362
46.23276,-0.19995,2.74,BTH,27619
46.22336,-0.19837,1.97,MIS,21019
46.22865,-0.1975,1.48,TRN,12950
46.2341,-0.19892,5.22,BTH,52617
46.23632,-0.19831,5.5,ORH,36905
46.24026,-0.20074,1.46,ORH,9796
46.25475,-0.2019,1.66,CZH,22111
46.25228,-0.20042,4.37,CZH,58208
46.24076,-0.19931,0.43,MIS,4588
46.2443,-0.1992,2.17,BTH,21873
46.25668,-0.20068,1.16,CZH,15451
46.25591,-0.20008,1.52,BTH,15321
46.24916,-0.19963,15.15,SOG,150288
46.25366,-0.19917,5.46,CZH,72727
46.27036,-0.21253,1.41,MIS,15044
46.27168,-0.21221,1.31,MIS,13977
46.2745,-0.21201,4.37,BTH,44049
46.27748,-0.21458,6.14,TRN,53725
46.27946,-0.21301,1.8,BTH,18144
46.28158,-0.21373,4.35,SOJ,75690
46.28346,-0.21329,1.61,BTH,16228
46.28193,-0.21221,1.36,CZH,18115
46.28806,-0.21269,2.32,BTH,23385
46.29142,-0.21329,1.66,BTH,16732
46.28306,-0.21181,1.95,BTH,19656
46.28026,-0.21119,10.68,MIS,113955
46.29057,-0.21228,9.49,BTH,95659
46.28694,-0.2109,2.88,BTH,29030
46.27507,-0.20968,5.15,BTH,51912
46.27338,-0.20913,3.39,BTH,34171
46.27742,-0.2096,2.26,TRN,19775
46.28238,-0.21019,1.53,MIS,16325
46.2857,-0.21077,8.55,BTH,86184
46.2888,-0.21028,1.83,TRN,16012
46.1851,-0.19099,2.06,BTH,20764
46.28263,-0.20861,2.36,TRN,20650
46.28468,-0.20803,3.27,BTH,32961
46.28038,-0.20733,5.51,BTH,55540
46.28253,-0.20768,1.75,TRN,15312
46.28387,-0.20741,1.53,ORP,10266
46.28594,-0.20746,0.66,CZH,8791
46.28829,-0.20833,0.83,BTH,8366
46.28716,-0.20762,1.72,TRN,15049
46.2914,-0.2092,5.58,ORH,37441
46.31668,-0.21429,2.67,BTH,26913
46.29346,-0.20404,1.14,MIS,12163
46.30233,-0.21418,5.73,MIS,61139
46.30731,-0.21449,6.2,MIS,66154
46.30946,-0.21429,0.73,BTH,7358
46.313,-0.21466,2.8,MIS,29876
46.30407,-0.21314,1.91,BTH,19252
46.30511,-0.21306,1.33,BTH,13406
46.31026,-0.21357,3.41,BTH,34372
46.30664,-0.21263,0.64,MIS,6828
46.31927,-0.21485,7.27,CZH,96836
46.32744,-0.21651,1.68,BTH,16934
46.32806,-0.2168,3.34,BTH,33667
46.3299,-0.21656,0.38,TRN,3324
46.32974,-0.2163,0.57,TRN,4987
46.32416,-0.2152,0.57,MIS,6081
46.32271,-0.21465,2.81,TRN,24587
46.33074,-0.21544,1.66,TRN,14524
46.32961,-0.21485,0.5,BTH,5040
46.33133,-0.21511,0.57,BTH,5745
46.3164,-0.21414,0.54,BTH,5443
46.32202,-0.21323,3.64,BTH,36691
46.31872,-0.21298,3.79,TTH,32897
46.32617,-0.21462,2.44,MIS,26034
46.32733,-0.21444,2.21,BTH,22276
46.3249,-0.21356,4.41,TRN,38587
46.32808,-0.21355,0.49,BTH,4939
46.33153,-0.21372,0.73,BTH,7358
46.30252,-0.21164,3.23,MIS,34464
46.3038,-0.21021,1.7,MIS,18139
46.30914,-0.21038,7.22,BTH,72777
46.30774,-0.21,0.87,ORH,5837
46.30876,-0.20948,0.93,ORH,6240
46.30914,-0.20886,0.48,ORH,3220
46.31522,-0.2121,1.35,MIS,14404
46.31633,-0.2113,3.9,MIS,41613
46.32032,-0.212,0.7,TTH,6076
46.31844,-0.21155,4.23,TRN,37012
46.33128,-0.21331,0.54,BTH,5443
46.33102,-0.21252,1.65,BTH,16631
46.32938,-0.21171,4.3,BTH,43344
46.31444,-0.21038,3.14,MIS,33503
46.32546,-0.21136,0.45,MIS,4801
46.33182,-0.2114,2.89,MIS,30836
46.32576,-0.21021,2.57,MCR,25494
46.32759,-0.21039,6.84,MCR,67852
46.26465,-0.20528,3.93,BTH,39614
46.27438,-0.20663,5.73,BDH,57758
46.27615,-0.20596,0.48,MIS,5121
46.2737,-0.20517,3.12,ORH,20935
46.27527,-0.20441,1.97,TRN,17237
46.27693,-0.20535,4.71,CZH,62737
46.28828,-0.20715,1.17,BTH,11793
46.28987,-0.20685,6.7,BTH,67536
46.28568,-0.20614,2.69,TRN,23537
46.28292,-0.20531,4.05,CZH,53946
46.28435,-0.2042,1.47,CZH,19580
46.28603,-0.2054,1.91,ORP,12816
46.28878,-0.20507,1.09,BTH,10987
46.28706,-0.20436,4.65,BTH,46872
46.29126,-0.20484,2.23,BTH,22478
46.27626,-0.20323,1.5,CZH,19980
46.2885,-0.20329,0.33,FLA,6600
46.27594,-0.20195,0.7,TRN,6125
46.25819,-0.20067,2.16,BTH,21772
46.26002,-0.19963,2.05,TRN,17937
46.28544,-0.20354,1.18,MIS,12590
46.28388,-0.20335,0.98,CZH,13053
46.28776,-0.20364,1.78,ORP,11943
46.29022,-0.20359,3.78,BTH,38102
46.29302,-0.2032,1.05,ORH,7045
46.28344,-0.2022,1.16,TRN,10150
46.28476,-0.20216,1.8,TRN,15750
46.29067,-0.20238,3.02,MIS,32223
46.3045,-0.20827,5.22,MIS,55697
46.30641,-0.20839,13.17,BTH,132753
46.31321,-0.20878,1.08,TTH,9374
46.30992,-0.20746,0.73,ORH,4898
46.31403,-0.2087,0.87,ORH,5837
46.3158,-0.20871,1.17,TRN,10237
46.31764,-0.20863,5.86,MIS,62526
46.32408,-0.20979,9.68,MIS,103285
46.33116,-0.20985,1.43,MIS,15258
46.33199,-0.20878,1.68,ORH,11272
46.3141,-0.20695,3.84,MIS,40972
46.31578,-0.20683,2.46,TTH,21352
46.31971,-0.20745,9.19,TTH,79769
46.32038,-0.20694,2.57,MIS,27421
46.32738,-0.2076,0.88,MCR,8729
46.30712,-0.20478,2.08,BTH,20966
46.30902,-0.20457,2.75,BTH,27720
46.31166,-0.2049,7.24,ORH,48580
46.30035,-0.20266,8.01,BTH,80740
46.31,-0.20331,0.97,BTH,9777
46.31248,-0.20316,2.54,ORH,17043
46.31923,-0.20556,0.89,ORP,5971
46.32234,-0.20496,5.31,CZH,70729
46.3146,-0.20398,1.06,TTH,9200
46.32062,-0.20439,3.79,TTH,32897
46.3188,-0.20337,4.37,TTH,37931
46.32474,-0.204,1.13,TRN,9887
46.32353,-0.20339,3.61,BTH,36388
46.18757,-0.19416,2.6,ORH,17446
46.1913,-0.19265,8.58,TRN,75075
46.21174,-0.19696,2.77,CZH,36896
46.21844,-0.19552,5.21,BTH,52516
46.21914,-0.19578,1.37,BTH,13809
46.21459,-0.19507,3.57,TRN,31237
46.21624,-0.19498,7.94,BTH,80035
46.2212,-0.19601,6.67,TRN,58362
46.22022,-0.19576,4.68,BTH,47174
46.2094,-0.19415,1.51,MIE,16111
46.19103,-0.19085,14.25,BTH,143640
46.18686,-0.19029,3.11,TRN,27212
46.18816,-0.19004,5.98,BTH,60278
46.22058,-0.19331,3.08,CZH,41025
46.21878,-0.19295,0.79,CZH,10522
46.2176,-0.19244,1.3,BTH,13104
46.22164,-0.19231,0.51,CZH,6793
46.21536,-0.19089,0.72,ORH,4831
46.22158,-0.19157,0.5,CZH,6660
46.21416,-0.19035,4.25,MCR,42160
46.21916,-0.1904,3.82,BTH,38505
46.22282,-0.19582,1.88,MIS,20059
46.22422,-0.19598,1.57,BTH,15825
46.22934,-0.19638,2.59,BTH,26107
46.2345,-0.19741,1.72,MIS,18352
46.23064,-0.19737,6.28,BTH,63302
46.233,-0.19708,7.14,CZH,95104
46.23566,-0.19626,2.61,ORH,17513
46.23628,-0.19483,1.6,ORH,10736
46.23875,-0.19547,3.8,ORH,25498
46.22552,-0.19339,5.88,BTH,59270
46.2578,-0.19929,2.82,TRN,24675
46.25426,-0.19776,2.23,TRN,19512
46.24638,-0.19693,3.19,TRN,27912
46.24058,-0.19647,6.7,BTH,67536
46.24434,-0.19573,1.11,ORH,7448
46.2558,-0.19656,1.55,CZH,20646
46.25682,-0.19708,2.78,BTH,28022
46.25283,-0.1959,0.71,TRN,6212
46.25693,-0.19613,0.83,MIS,8856
46.2269,-0.19253,2.62,BTH,26409
46.23692,-0.19476,1.99,CZH,26506
46.23144,-0.19297,1.31,BTH,13204
46.23606,-0.19332,2.32,BTH,23385
46.22346,-0.1926,13.02,CZH,173426
46.231,-0.19198,8.09,BTH,81547
46.23297,-0.19319,12.57,CZH,167432
46.238,-0.19186,14.6,BTH,147168
46.24263,-0.19539,5.29,ORH,35495
46.24708,-0.19363,4.39,BTH,44251
46.24849,-0.19322,3.08,TRN,26950
46.2501,-0.19492,2.72,TRN,23800
46.25806,-0.19509,2.54,BTH,25603
46.25207,-0.19409,2.31,CZH,30769
46.24384,-0.19256,2.57,BTH,25905
46.24962,-0.19273,2.61,TRN,22837
46.25202,-0.19209,3.49,CZH,46486
46.18849,-0.18833,1.99,TRN,17412
46.18885,-0.18712,1.2,CZH,15984
46.1978,-0.18802,8.68,SOG,86105
46.19455,-0.18635,1.91,TRN,16712
46.22076,-0.18959,0.24,BTH,2419
46.2035,-0.18354,0.59,BTH,5947
46.22018,-0.1895,1.4,BTH,14111
46.2154,-0.18827,1.22,ORH,8186
46.22071,-0.1879,5.36,BTH,54028
46.18553,-0.18527,17.03,CZH,226839
46.18854,-0.18494,14.11,ORH,94678
46.19954,-0.18586,2.59,BTH,26107
46.19072,-0.18386,9.48,CZH,126273
46.20168,-0.18313,0.76,BTH,7660
46.22024,-0.18593,11.04,TRN,96600
46.20374,-0.18308,0.73,BTH,7358
46.21528,-0.18498,1.04,ORH,6978
46.21682,-0.18493,5.91,BTH,59572
46.2122,-0.18412,10.51,TRN,91962
46.22422,-0.18819,3.68,BTH,37094
46.22871,-0.18934,14.71,BTH,148276
46.2311,-0.18823,4.85,CZH,64602
46.23514,-0.18877,13.33,CZH,177555
46.24454,-0.19057,2.2,BTH,22176
46.24679,-0.19026,0.62,BTH,6249
46.25075,-0.1921,3.34,BTH,33667
46.25414,-0.19167,4.07,MIS,43426
46.24977,-0.18987,1.16,BTH,11692
46.2561,-0.1899,0.36,MIS,3841
46.22364,-0.1868,1.53,BTH,15422
46.22674,-0.18602,10.98,TRN,96075
46.24048,-0.1883,3.45,BTH,34776
46.2321,-0.18621,3.86,CZH,51415
46.23664,-0.18742,3.7,BTH,37296
46.2229,-0.18532,3.27,BTH,32961
46.22478,-0.18439,7.92,TRN,69300
46.22227,-0.18388,1.42,BTH,14313
46.22756,-0.18439,2.05,ORP,13755
46.22929,-0.18333,7.57,BTH,76305
46.23286,-0.18597,1.18,CZH,15717
46.23665,-0.18603,3.97,BTH,40017
46.24868,-0.18785,4.47,BTH,45057
46.24509,-0.1877,2.07,BDH,20865
46.25698,-0.18891,3.42,BTH,34473
46.25542,-0.18724,8.43,MIS,89948
46.24458,-0.1866,0.85,BTH,8568
46.24766,-0.1864,1.43,BTH,14414
46.24344,-0.18582,4.36,BTH,43948
46.24978,-0.18652,2.1,BTH,21168
46.25778,-0.18694,1.76,CZH,23443
46.25868,-0.18664,0.48,CZH,6393
46.26761,-0.19925,3.42,ORP,22948
46.25879,-0.19788,1.32,BTH,13305
46.26038,-0.19805,1.22,TRN,10674
46.27619,-0.20032,1.5,TRN,13125
46.2729,-0.19867,5.91,BTH,59572
46.25954,-0.19676,3.58,BTH,36086
46.26182,-0.19633,1.66,CZH,22111
46.27909,-0.19913,1.38,TRN,12075
46.28834,-0.20093,8.53,BTH,85982
46.28644,-0.1997,5.04,BTH,50803
46.2838,-0.19832,0.63,FLA,12600
46.31536,-0.19914,13.54,BTH,136483
46.29018,-0.19943,5.78,BTH,58262
46.29184,-0.19875,1.1,BTH,11088
46.29218,-0.19781,2.87,BTH,28929
46.26375,-0.19575,4.1,CZH,54612
46.27322,-0.19674,2.25,BTH,22680
46.27204,-0.19527,3.02,ORP,20264
46.26338,-0.19432,3.22,CZH,42890
46.27152,-0.19398,0.81,BTH,8164
46.2838,-0.19255,1.07,BTH,10785
46.2709,-0.19338,1.44,BTH,14515
46.27357,-0.19449,4.19,BTH,42235
46.28711,-0.19685,3.19,CZH,42490
46.28642,-0.19592,4.94,BTH,49795
46.27732,-0.19436,0.94,ORP,6307
46.2994,-0.20098,9.34,MIS,99657
46.30524,-0.20197,7.75,BTH,78120
46.3085,-0.20175,5.55,BTH,55943
46.30754,-0.20119,0.75,BTH,7560
46.31998,-0.1984,9.56,BTH,96364
46.31184,-0.20154,2.95,BTH,29736
46.31016,-0.19927,1.58,BTH,15926
46.31728,-0.2021,7.88,TTH,68398
46.32162,-0.19801,1.56,ORH,10467
46.32526,-0.20237,2.49,TRN,21787
46.3057,-0.19757,11.39,BTH,114811
46.3123,-0.19804,6.91,BTH,69652
46.32514,-0.19678,5.6,TRN,49000
46.32752,-0.19618,4.08,TRN,35699
46.32903,-0.19751,4.6,TRN,40250
46.27194,-0.19205,3.87,BTH,39009
46.27453,-0.19121,7.71,BTH,77716
46.27256,-0.19001,2.48,CZH,33033
46.28602,-0.19281,2.57,BTH,25905
46.28788,-0.19286,4.1,BTH,41327
46.27906,-0.1913,1.98,BTH,19958
46.27977,-0.19236,4.38,ORP,29389
46.28531,-0.19158,6.72,ORP,45091
46.28698,-0.19095,1.35,MIS,14404
46.27375,-0.18787,2.34,TRN,20475
46.27509,-0.18707,7.5,CZH,99900
46.27916,-0.18926,2.22,ORP,14896
46.27984,-0.18973,1.36,MIE,14511
46.28344,-0.1885,0.29,BTH,2923
46.28076,-0.18694,1.57,BTH,15825
46.31233,-0.19501,0.68,BTH,6854
46.28277,-0.18766,0.24,BTH,2419
46.28358,-0.1877,0.23,MIS,2454
46.28862,-0.18953,4.86,TRN,42525
46.28763,-0.18836,1.78,ORH,11943
46.30484,-0.19515,5.95,BTH,59976
46.30656,-0.19291,11.4,BTH,114912
46.31092,-0.19343,12.42,BTH,125193
46.31868,-0.19592,1.5,BTH,15120
46.31403,-0.19443,0.83,MIS,8856
46.32678,-0.19652,1.89,TRN,16537
46.32472,-0.19501,1.31,ORH,8790
46.31389,-0.19341,4.36,CZH,58075
46.32304,-0.19222,8.15,BTH,82152
46.32546,-0.19244,2.83,BTH,28526
46.33098,-0.19527,6.52,TRN,57049
46.32507,-0.19359,3.36,TRN,29400
46.32952,-0.19351,10.59,ORP,71058
46.3002,-0.19098,1.79,MLG,5728
46.30469,-0.19066,0.68,BTH,6854
46.30507,-0.19007,4.33,MLG,13856
46.31056,-0.18978,11.33,CZH,150915
46.31736,-0.19269,2.82,MIE,30089
46.3158,-0.19128,4.59,MIS,48975
46.32022,-0.19133,3.43,MIS,36598
46.32708,-0.19127,3.49,TRN,30537
46.33325,-0.24266,9.68,TRN,84700
46.34835,-0.24311,23.86,CZH,317815
46.34668,-0.24311,3.72,ORH,24961
46.33493,-0.24087,2.17,TRN,18987
46.3458,-0.24146,3.25,BTH,32760
46.35234,-0.24348,11.47,BTH,115617
46.36264,-0.24552,4.25,MIS,45347
46.35172,-0.23607,0.01,PTC,117
46.35556,-0.24183,3.13,ORH,21002
46.36496,-0.24345,3.16,ORH,21203
46.36353,-0.24284,4.09,BTH,41227
46.33254,-0.24,6.08,BTH,61286
46.33578,-0.2399,0.72,MIS,7682
46.3412,-0.24102,17.06,MIE,182030
46.34744,-0.23996,1.03,MIS,10990
46.33316,-0.23824,2.04,BTH,20563
46.33956,-0.23793,1.15,BTH,11591
46.3386,-0.23725,1.97,BTH,19857
46.34738,-0.23676,5.97,ORH,40058
46.34048,-0.23777,4.51,TRN,39462
46.354,-0.24033,6.92,BTH,69753
46.35622,-0.24019,2.62,BTH,26409
46.36452,-0.24133,3.52,SOG,34918
46.34452,-0.23528,10.97,ORH,73608
46.37398,-0.24613,19.1,BTH,192528
46.37758,-0.24381,3.02,BTH,30441
46.39726,-0.24746,3.62,BTH,36489
46.39496,-0.24388,15.31,MIE,163357
46.3705,-0.24219,10.14,CZH,135064
46.37346,-0.23953,17.88,BTH,180230
46.39718,-0.24096,0.1,VRG,826
46.39588,-0.24044,1.55,BTH,15623
46.40056,-0.24161,6.68,MIS,71275
46.33222,-0.23547,7.03,TRN,61512
46.33358,-0.23394,3.17,BTH,31953
46.35192,-0.23767,4.6,MIS,49081
46.35344,-0.23677,5.55,BTH,55943
46.35661,-0.23757,5.11,MIE,54523
46.36509,-0.23828,0.8,SOG,7936
46.36596,-0.23706,6.93,BTH,69854
46.3616,-0.23628,0.89,BTH,8971
46.34487,-0.23393,1.07,MIS,11416
46.34848,-0.23449,4.24,BTH,42739
46.34238,-0.23331,2.4,ORH,16104
46.34068,-0.23237,5.0,MIE,53350
46.33856,-0.23214,2.76,BTH,27820
46.33745,-0.23139,0.93,BTH,9374
46.4392,-0.23753,1.33,BTH,13406
46.3393,-0.23134,1.19,BTH,11995
46.34617,-0.23104,2.84,ORH,19056
46.35686,-0.23455,2.01,MIE,21446
46.35776,-0.23413,3.35,BTH,33768
46.36116,-0.23183,1.15,TRN,10062
46.38312,-0.23926,6.87,BTH,69249
46.38486,-0.23911,1.6,BTH,16128
46.39846,-0.23998,5.1,MIS,54416
46.39684,-0.23889,2.11,CZH,28105
46.40148,-0.23848,1.86,BTH,18748
46.3689,-0.2357,14.5,BTH,146160
46.37074,-0.23457,6.9,CZH,91908
46.38128,-0.23669,6.51,BTH,65620
46.38392,-0.23622,8.97,BTH,90417
46.3718,-0.23326,5.81,CZH,77389
46.39478,-0.23632,7.82,BTH,78825
46.39825,-0.2358,1.96,MIE,20913
46.404,-0.23648,3.87,MIE,41292
46.40019,-0.23546,10.08,BTH,101606
46.40216,-0.2362,1.28,ORP,8588
46.40438,-0.23484,1.84,BTH,18547
46.40724,-0.24792,1.72,MIS,18352
46.40732,-0.24668,2.62,BDH,26409
46.43784,-0.24961,0.82,BTH,8265
46.44132,-0.24953,3.21,MIS,34250
46.43568,-0.24788,1.81,MIS,19312
46.43875,-0.24859,1.2,MIE,12804
46.4064,-0.2461,0.98,BDH,9878
46.41403,-0.24554,1.59,CZH,21178
46.41582,-0.24521,2.42,MIS,25821
46.42978,-0.24807,3.33,BTH,33566
46.43813,-0.24679,1.05,MIE,11203
46.40782,-0.24348,4.26,MIS,45454
46.41506,-0.244,1.98,MIS,21126
46.41725,-0.24396,8.64,BTH,87091
46.40652,-0.24189,0.25,MIS,2667
46.41054,-0.24288,34.92,CZH,465134
46.41577,-0.24203,1.08,BTH,10886
47.256,-0.38743,0.21,VRC,1763
46.43536,-0.24554,1.51,MIS,16111
46.43278,-0.24425,17.46,BTH,175996
46.4348,-0.24493,1.39,BTH,14011
46.43807,-0.24518,3.18,BTH,32054
46.42986,-0.24354,2.1,BTH,21168
46.441,-0.24536,5.47,TTH,47479
46.44478,-0.24774,5.2,BTH,52416
46.4591,-0.24893,10.74,MIS,114595
46.47375,-0.25042,2.42,BTH,24393
46.44521,-0.2449,10.73,BTH,108158
46.43486,-0.24083,1.95,BTH,19656
46.44711,-0.24622,1.31,BTH,13204
46.4384,-0.23791,1.46,MIE,15578
46.4503,-0.24452,8.61,MIS,91868
46.46,-0.24462,3.81,MIS,40652
46.46368,-0.24685,3.21,BTH,32356
46.42486,-0.24014,2.1,MIS,22407
46.47266,-0.24819,2.61,CZH,34765
46.47778,-0.24806,1.89,MIS,20166
46.47563,-0.24746,6.04,BTH,60883
46.41414,-0.24033,9.14,BTH,92131
46.40544,-0.23888,1.96,BTH,19756
46.41594,-0.23962,2.75,BTH,27720
46.42956,-0.24236,0.9,MIS,9603
46.43882,-0.24271,2.5,BTH,25200
46.4415,-0.24313,1.82,MIS,19419
46.4362,-0.24213,5.12,BTH,51609
46.43758,-0.2421,5.77,MIE,61565
46.4405,-0.24255,2.06,BTH,20764
46.43453,-0.24023,2.41,BTH,24292
46.43841,-0.24126,1.43,MIE,15258
46.44074,-0.24019,5.42,BTH,54633
46.4213,-0.23703,2.15,MIE,22940
46.40904,-0.2355,1.25,MIE,13337
46.41563,-0.23711,1.62,BTH,16329
46.42218,-0.23635,0.71,MIE,7575
46.4289,-0.23875,1.18,TRN,10325
46.43587,-0.23883,1.46,MIS,15578
46.4353,-0.23711,1.06,MIE,11310
46.44098,-0.23827,5.23,BTH,52718
46.44395,-0.24241,2.11,BTH,21268
46.44266,-0.24154,3.05,BTH,30744
46.45908,-0.24359,2.09,MIE,22300
46.44726,-0.24169,6.4,BTH,64512
46.44959,-0.24202,3.07,BTH,30945
46.44865,-0.24096,1.35,MIS,14404
46.45814,-0.24241,1.53,MIS,16325
46.46314,-0.24378,5.86,TRN,51275
46.46895,-0.24366,3.25,MIS,34677
46.4774,-0.24497,1.68,MIE,17925
46.47595,-0.24401,8.59,BTH,86587
46.46982,-0.24209,6.09,CZH,81118
46.44384,-0.23988,1.75,BTH,17639
46.44393,-0.23873,1.11,BTH,11188
46.45126,-0.2393,3.9,BTH,39312
46.45637,-0.23992,1.43,SOG,14185
46.4527,-0.2396,1.8,MIE,19206
46.45337,-0.23983,1.94,BTH,19555
46.44268,-0.23819,3.09,BTH,31147
46.44774,-0.23819,2.79,MIE,29769
46.44899,-0.23865,2.07,TTH,17967
46.44438,-0.2372,3.49,MIE,37238
46.44598,-0.2377,3.29,BTH,33163
46.44978,-0.2372,3.25,BTH,32760
46.45195,-0.23805,0.92,MIE,9816
46.45904,-0.23893,4.24,MIS,45240
46.34922,-0.22513,0.87,BTH,8769
46.46246,-0.24127,5.23,TRN,45762
46.46858,-0.24141,1.81,MIS,19312
46.46398,-0.23997,1.25,BTH,12600
46.46641,-0.24053,6.24,MIS,66580
46.4743,-0.24007,2.96,BTH,29836
46.46626,-0.2391,1.8,BTH,18144
46.47658,-0.24011,4.62,BTH,46569
46.338,-0.22939,6.06,BTH,61084
46.34255,-0.22977,4.94,MIS,52709
46.34379,-0.22917,2.91,MIS,31049
46.34594,-0.22968,2.93,MIE,31263
46.34731,-0.22823,6.03,BTH,60782
46.34521,-0.22803,0.98,BTH,9878
46.35095,-0.23138,3.43,BTH,34574
46.36223,-0.23203,2.4,BTH,24192
46.3636,-0.23177,2.73,MIS,29129
46.35348,-0.22887,1.88,TRN,16449
46.35455,-0.22862,1.91,MIS,20379
46.35628,-0.22849,1.67,BTH,16833
46.56768,-0.25185,1.93,TTH,16752
46.33788,-0.22706,3.27,MIS,34890
46.34032,-0.22678,10.83,MIE,115556
46.342,-0.22748,1.93,MIS,20593
46.345,-0.22677,4.94,ORH,33147
46.34425,-0.22547,3.36,MIS,35851
46.34932,-0.22624,1.75,BTH,17639
46.34244,-0.22482,0.69,MIS,7362
46.34355,-0.22428,3.48,BTH,35078
46.3518,-0.22754,1.49,ORH,9997
46.34988,-0.22713,1.41,ORH,9461
46.36175,-0.22717,3.25,TRN,28437
46.36402,-0.2272,3.65,BTH,36792
46.35288,-0.22612,3.85,BTH,38808
46.35478,-0.22587,7.07,BTH,71265
46.35632,-0.22661,1.47,MIS,15684
46.3625,-0.2254,1.01,MIS,10776
46.40156,-0.234,1.76,MIE,18779
46.40332,-0.23413,0.77,MIE,8215
46.40407,-0.23309,0.85,BTH,8568
46.39923,-0.23185,3.28,CZH,43689
46.39768,-0.23135,2.25,BTH,22680
46.36976,-0.22864,10.59,TRN,92662
47.04037,-0.28388,3.16,BTH,31852
46.39426,-0.23041,1.95,MIE,20806
46.39584,-0.2296,2.93,MIE,31263
46.39918,-0.22979,1.34,BTH,13507
46.39758,-0.22843,4.02,MIE,42893
46.33192,-0.22238,3.6,MIS,38412
46.33334,-0.22275,2.65,TRN,23187
46.34908,-0.22386,0.71,MIS,7575
46.35,-0.22319,0.63,MIS,6722
46.3321,-0.2201,1.06,BTH,10684
46.34178,-0.22104,0.34,BTH,3427
46.3505,-0.22403,3.04,MIS,32436
46.35368,-0.22352,2.15,BTH,21672
46.36114,-0.224,3.87,TRN,33862
46.36362,-0.22391,7.39,BTH,74491
46.33744,-0.21845,3.59,BTH,36187
46.35138,-0.22261,5.06,TRN,44274
46.3566,-0.22315,2.92,ORH,19593
46.35484,-0.22278,1.68,MIS,17925
46.35728,-0.22225,1.02,ORH,6844
46.33303,-0.21935,1.16,BTH,11692
46.33394,-0.2191,0.67,BTH,6753
46.3409,-0.22031,1.77,MIE,18885
46.34582,-0.22069,1.21,MIS,12910
46.33982,-0.21932,1.72,BTH,17337
46.33884,-0.21877,0.95,MIS,10136
46.34083,-0.21808,6.14,BTH,61891
46.33914,-0.2176,0.81,BTH,8164
46.35029,-0.21984,9.25,MIS,98697
46.34302,-0.2181,3.17,BTH,31953
46.34458,-0.21847,2.56,BTH,25804
46.3486,-0.21864,11.35,BTH,114408
46.35297,-0.22056,6.86,CZH,91375
46.35578,-0.22105,4.72,TRN,41300
46.35832,-0.22025,4.04,MIS,43106
46.37526,-0.2231,3.8,BTH,38303
46.3649,-0.22257,14.21,TRN,124337
46.36808,-0.22218,4.0,TRN,35000
46.35504,-0.21918,2.33,BTH,23486
46.35671,-0.21844,3.81,BDH,38404
46.35788,-0.21869,1.61,BTH,16228
46.36295,-0.21964,0.41,MIS,4374
46.3606,-0.21937,14.94,BTH,150595
46.38032,-0.22613,4.34,BTH,43747
46.4188,-0.23424,1.1,MIS,11737
46.37746,-0.22219,5.99,BTH,60379
46.38466,-0.22416,7.43,TRN,65012
46.37998,-0.22335,3.79,BTH,38203
46.3886,-0.22621,3.96,BTH,39916
46.37992,-0.22102,6.1,BTH,61488
46.39504,-0.22414,5.83,MIE,62206
46.40318,-0.22509,1.06,ORP,7112
46.38275,-0.22212,6.22,TRN,54425
46.38402,-0.22168,2.44,SOJ,42455
46.37634,-0.22009,7.32,TRN,64050
46.40159,-0.22409,3.19,CZH,42490
46.40646,-0.23498,17.18,BTH,173174
46.41781,-0.23505,1.53,BTH,15422
46.41003,-0.23181,9.01,BTH,90820
46.40582,-0.23179,1.73,CZH,23043
46.4137,-0.23367,16.74,BTH,168739
46.41998,-0.23262,3.99,MIE,42573
46.42795,-0.2347,2.37,MIS,25287
46.43869,-0.23466,5.95,ORH,39924
46.44747,-0.23672,2.27,MIE,24220
46.40872,-0.23026,1.39,MIE,14831
46.41812,-0.23147,5.71,TRN,49962
46.40686,-0.22871,3.27,BTH,32961
46.41782,-0.22966,0.32,BTH,3225
46.4217,-0.23039,14.02,BTH,141321
46.42758,-0.23265,3.26,MIS,34784
46.4354,-0.23257,0.95,MIE,10136
46.42994,-0.23143,3.63,MIS,38732
46.42932,-0.22976,6.74,MIS,71915
46.4527,-0.23642,4.07,BTH,41025
46.44626,-0.23471,8.57,BTH,86385
46.44921,-0.23514,3.88,BTH,39110
46.45105,-0.23468,8.39,BTH,84571
46.44482,-0.23385,0.97,MIE,10349
46.45806,-0.23525,2.41,BTH,24292
46.4643,-0.23792,9.58,BTH,96566
46.47646,-0.23766,1.19,TTH,10329
46.47482,-0.23711,0.12,FLA,2400
46.47597,-0.23697,0.79,MIE,8429
46.46248,-0.23614,3.97,BTH,40017
46.46712,-0.2351,9.3,TRN,81375
46.44594,-0.23246,2.14,BTH,21571
46.44476,-0.23235,2.9,BTH,29232
46.4491,-0.23112,6.66,BTH,67132
46.44668,-0.23081,2.29,MIE,24434
46.44758,-0.23031,1.09,BTH,10987
46.4523,-0.23223,8.48,BTH,85478
46.46462,-0.23426,3.08,BTH,31046
46.46194,-0.23362,6.78,CZH,90309
46.47604,-0.23351,8.3,BTH,83664
46.40982,-0.22802,18.12,BTH,182649
46.40858,-0.22678,1.69,BTH,17035
46.42355,-0.22636,14.6,BTH,147168
46.44068,-0.22977,16.98,MIE,181176
46.44217,-0.22848,4.39,MIE,46841
46.41748,-0.2247,3.83,MIS,40866
46.40579,-0.22137,1.86,MIS,19846
46.418,-0.22315,1.98,MIS,21126
46.4269,-0.22449,2.27,MIS,24220
46.42944,-0.22434,12.2,CZH,162504
46.43313,-0.22606,3.94,MIS,42039
46.42733,-0.22356,0.86,MIS,9176
46.42785,-0.22344,0.87,MIS,9282
46.43292,-0.22363,2.67,BTH,26913
46.43569,-0.22411,4.1,MIE,43747
46.47676,-0.22967,5.2,BTH,52416
46.44205,-0.22493,6.64,CZH,88444
46.44346,-0.23002,1.1,BTH,11088
46.4497,-0.22891,1.21,MIE,12910
46.45335,-0.22963,4.66,ORH,31268
46.45478,-0.23067,4.44,BTH,44755
46.45148,-0.22902,0.99,MIE,10563
46.45344,-0.22836,2.13,ORH,14292
46.46546,-0.23108,1.05,MIE,11203
46.46114,-0.22983,2.97,BTH,29937
46.4752,-0.23128,2.79,MIE,29769
46.46139,-0.22821,0.82,MIE,8749
46.46245,-0.22843,3.05,BTH,30744
46.51134,-0.25375,2.8,ORH,18788
46.44475,-0.22593,5.09,MIE,54310
46.4475,-0.22576,8.5,BTH,85679
46.45426,-0.22679,2.28,BTH,22982
46.46084,-0.22609,2.77,MIE,29555
46.46342,-0.22574,6.47,BTH,65217
46.47148,-0.22667,1.74,MIE,18565
46.47487,-0.22645,8.21,BTH,82756
46.47796,-0.22658,2.31,MIE,24647
46.47384,-0.22579,1.86,MIE,19846
46.48344,-0.25241,0.37,MIS,3947
46.48056,-0.25109,1.15,MIS,12270
46.48659,-0.2511,3.5,BTH,35279
46.49198,-0.25179,1.18,BTH,11894
46.49111,-0.25153,0.63,MIS,6722
46.48446,-0.24983,3.7,BTH,37296
46.4877,-0.24968,7.71,MIS,82265
46.49143,-0.24975,2.79,BTH,28123
46.50352,-0.25319,0.62,MLG,1984
46.51011,-0.25322,5.37,ORH,36032
46.5135,-0.25264,3.99,ORH,26772
46.50063,-0.25203,2.54,MLG,8128
46.50386,-0.25122,1.4,MLG,4479
46.48318,-0.24752,16.54,BTH,166723
46.48622,-0.24837,3.93,BTH,39614
46.48914,-0.24852,0.63,BTH,6350
46.47984,-0.24683,6.25,MIS,66687
46.48684,-0.24613,1.33,MIE,14191
46.49096,-0.24715,3.12,BTH,31449
46.48858,-0.24605,4.2,BTH,42336
46.498,-0.24986,5.67,MIE,60498
46.50553,-0.25029,1.17,MLG,3744
46.50295,-0.24906,2.48,MLG,7936
46.50206,-0.24826,1.9,TTH,16491
46.52496,-0.25429,0.87,MIE,9282
46.5269,-0.25366,2.58,MIE,27528
46.52526,-0.25257,1.0,TTH,8680
46.52478,-0.25305,0.16,MIE,1707
46.52888,-0.25293,3.1,MIE,33077
46.53071,-0.25327,2.27,MIE,24220
46.54171,-0.25291,5.25,MIS,56017
46.55061,-0.25398,13.01,BTH,131140
46.54591,-0.25323,2.06,MIS,21980
46.52304,-0.25101,1.46,TTH,12672
46.52876,-0.25071,5.48,MIE,58471
46.52305,-0.24942,1.19,TTH,10329
47.16017,-0.2914,0.51,VRC,4284
46.52751,-0.24989,4.14,TTH,35935
46.54532,-0.2527,2.27,TTH,19703
46.54552,-0.25058,2.99,MLG,9568
46.4844,-0.24531,1.56,MIE,16645
46.48599,-0.24568,0.4,MIE,4268
46.47978,-0.24464,1.77,MIS,18885
46.48562,-0.24466,1.97,TRN,17237
46.48984,-0.24623,0.51,BTH,5140
46.48638,-0.24422,0.72,BTH,7257
46.48474,-0.24348,0.61,PTC,7173
46.48166,-0.24248,2.54,BTH,25603
46.5045,-0.24539,8.48,TTH,73606
46.51272,-0.24579,4.15,ORH,27846
46.5141,-0.24538,1.71,MIE,18245
46.48579,-0.24296,2.08,MIE,22193
46.48447,-0.24229,4.57,BTH,46065
46.48192,-0.24143,0.22,VRG,1817
46.48182,-0.24128,0.1,VRG,826
46.48168,-0.24128,0.09,VRG,743
46.48175,-0.24094,0.61,VRG,5038
46.48276,-0.24096,1.16,MIE,12377
46.48149,-0.24066,0.14,VRG,1156
46.48154,-0.24005,1.39,VRG,11481
47.16794,-0.28708,1.55,VRC,13020
46.48469,-0.23959,7.22,BTH,72777
46.48126,-0.23914,0.51,VRG,4212
46.48138,-0.23917,0.1,VRG,826
46.49592,-0.24125,0.66,TRN,5775
46.50356,-0.24358,4.66,TTH,40448
46.51605,-0.24694,6.18,MIE,65940
46.5245,-0.24797,1.11,BTH,11188
46.52284,-0.24685,2.72,TRN,23800
46.52652,-0.24476,2.32,BTH,23385
46.54942,-0.24886,3.72,TTH,32289
46.53596,-0.24674,0.8,MIE,8536
46.54284,-0.24664,3.71,MIE,39585
46.54966,-0.24674,1.72,TTH,14929
46.52416,-0.24454,5.82,TRN,50925
46.53146,-0.24527,1.21,MIE,12910
46.52314,-0.24172,3.51,BTH,35380
46.53752,-0.24507,0.95,MIE,10136
46.54916,-0.24559,3.79,TTH,32897
46.536,-0.24316,1.17,TTH,10155
46.53966,-0.24344,2.22,TTH,19269
46.5492,-0.24333,3.8,TTH,32983
46.57881,-0.25616,2.36,BDH,23788
46.56418,-0.25697,2.14,MIE,22833
46.56186,-0.25548,4.77,MIE,50895
46.55779,-0.25607,5.96,MIS,63593
46.55996,-0.25541,8.39,ORP,56296
46.56473,-0.25504,4.07,CZH,54212
46.56282,-0.25469,2.18,MIE,23260
46.56363,-0.25432,0.96,CZH,12787
46.5672,-0.25405,2.28,TTH,19790
46.57606,-0.257,2.3,MIS,24541
46.58351,-0.2581,4.38,MIS,46734
46.58588,-0.25814,2.36,BTH,23788
46.585,-0.25719,2.31,MIS,24647
46.57477,-0.25565,4.24,TTH,36803
46.57756,-0.25561,3.87,MIE,41292
46.58687,-0.25667,2.01,BTH,20260
46.56688,-0.25164,0.49,MIS,5228
46.56564,-0.25173,3.43,CZH,45687
46.55484,-0.2523,0.79,VRG,6525
46.56284,-0.2519,7.44,TTH,64579
46.56894,-0.25315,1.38,TTH,11978
46.5697,-0.25275,0.94,BTH,9475
46.55464,-0.25168,0.68,VRG,5616
46.55574,-0.25158,0.64,VRG,5286
46.56103,-0.25174,1.54,TTH,13367
46.55642,-0.25107,0.64,VRG,5286
46.55414,-0.25046,2.14,VRG,17676
46.57662,-0.25376,2.88,MIE,30729
46.58459,-0.25537,2.16,MIS,23047
46.58654,-0.25475,1.85,BTH,18648
46.5826,-0.25404,7.64,MIS,81518
46.58582,-0.25414,1.31,BTH,13204
46.57228,-0.25206,2.14,ORP,14359
46.57564,-0.25131,1.44,ORP,9662
46.59422,-0.25442,1.19,MIS,12697
46.58168,-0.25249,1.25,TTH,10850
46.58448,-0.25205,4.37,BTH,44049
46.59704,-0.25846,5.96,BTH,60076
46.59456,-0.25759,15.05,MIS,160583
46.60022,-0.25969,6.79,BTH,68443
46.6058,-0.25923,4.07,BTH,41025
46.59165,-0.25637,6.03,MLG,19296
46.59866,-0.25687,4.45,BTH,44855
46.6085,-0.2588,3.53,MIS,37665
46.61968,-0.25996,4.12,BTH,41529
46.56948,-0.25063,1.67,BTH,16833
46.62155,-0.25715,3.59,BTH,36187
46.59608,-0.25344,5.65,BTH,56952
46.59336,-0.25296,4.67,MIS,49828
46.6042,-0.25413,1.4,MLG,4479
46.60217,-0.25367,2.51,SOG,24899
46.62232,-0.25463,3.77,BTH,38001
46.55622,-0.24963,0.64,VRG,5286
46.56662,-0.25004,1.11,MIS,11843
46.55613,-0.24741,1.86,TTH,16144
46.56609,-0.24819,1.59,VRG,13133
46.57468,-0.25054,1.33,ORP,8924
46.57968,-0.25051,7.29,MIS,77784
46.58119,-0.25214,6.65,MIS,70955
46.58958,-0.25147,29.3,MIS,312631
46.57519,-0.24895,2.52,ORP,16909
46.58346,-0.24977,2.01,BTH,20260
46.5537,-0.24481,5.38,BTH,54230
46.56788,-0.24749,3.39,BTH,34171
46.56294,-0.24611,1.56,MIE,16645
46.55864,-0.24444,4.21,BTH,42436
46.56546,-0.24462,1.6,MIE,17072
46.57131,-0.24692,7.68,BTH,77414
46.59266,-0.24572,1.26,MLG,4032
46.5748,-0.24715,3.02,CZH,40226
46.57164,-0.24525,4.54,TTH,39407
46.58438,-0.24634,9.77,MIS,104245
46.59578,-0.25122,2.61,MIS,27848
46.60043,-0.25262,1.7,BTH,17136
46.60389,-0.25277,2.73,MLG,8736
46.60119,-0.25179,2.02,BTH,20361
46.60296,-0.25168,1.0,MLG,3200
46.60478,-0.25187,1.91,MLG,6112
47.4364,-0.39527,4.55,SOG,45136
46.60556,-0.25083,3.56,MIE,37985
46.62264,-0.25216,3.12,ORH,20935
47.1708,-0.28856,1.58,VRC,13272
46.59053,-0.24884,1.79,MLG,5728
46.59214,-0.24786,2.73,TTH,23696
46.59148,-0.2476,2.03,MLG,6496
46.59656,-0.24847,1.48,MLG,4736
46.5958,-0.24808,0.51,MLG,1632
46.59462,-0.24768,2.65,MLG,8480
46.59652,-0.24703,1.32,MLG,4224
46.59475,-0.24621,1.41,TTH,12238
46.6078,-0.24626,2.78,MCR,27577
46.60996,-0.24787,2.42,MLG,7744
46.61446,-0.24851,5.1,MIE,54416
46.49219,-0.23775,7.4,BTH,74592
46.61786,-0.24873,10.17,MLG,32544
46.61994,-0.24902,9.1,BTH,91728
46.48019,-0.2387,2.45,BTH,24696
46.47962,-0.23745,3.96,TTH,34372
46.48254,-0.23685,1.5,TTH,13020
46.48516,-0.23779,3.39,TRN,29662
46.4833,-0.23668,3.36,MIE,35851
46.48452,-0.23651,3.05,BTH,30744
46.49575,-0.23673,2.2,MIE,23474
46.50441,-0.23984,7.55,TTH,65534
46.5134,-0.23976,4.91,MIE,52389
46.503,-0.2375,4.62,MIE,49295
46.50642,-0.23885,4.45,MIE,47481
46.48134,-0.23504,10.56,MIS,112675
46.48653,-0.23465,0.98,MIE,10456
46.4903,-0.23618,5.1,MIE,54416
46.48446,-0.23386,1.71,BTH,17236
46.48625,-0.23396,1.14,MIE,12163
46.48792,-0.23387,3.42,BTH,34473
46.48342,-0.23304,1.59,MIE,16965
46.48973,-0.23314,0.66,MIE,7042
46.50538,-0.23588,3.57,MIE,38091
46.50974,-0.23703,2.04,MLG,6528
46.50796,-0.23588,1.8,MLG,5760
46.50909,-0.2352,2.25,MIS,24007
46.52432,-0.24093,4.16,MIE,44387
46.53392,-0.24076,1.3,MIE,13871
46.54251,-0.2417,3.22,BTH,32457
46.55146,-0.24213,7.96,MIS,84933
46.5479,-0.24239,4.37,TTH,37931
46.53515,-0.2405,2.92,MIE,31156
46.53902,-0.24002,5.62,MLG,17984
46.52973,-0.23733,2.26,MIE,24114
46.53924,-0.23707,1.91,TTH,16578
46.55028,-0.24,3.14,MIS,33503
46.54406,-0.2381,4.75,BTH,47880
46.48257,-0.23188,3.22,BTH,32457
46.48552,-0.2316,6.38,TRN,55824
46.4816,-0.2312,1.59,MIE,16965
46.47943,-0.22961,14.83,ORH,99509
46.4847,-0.22975,2.5,TTH,21700
46.51145,-0.23243,5.59,TTH,48521
46.50908,-0.23201,3.08,TTH,26734
46.48408,-0.22869,3.2,BTH,32256
47.15972,-0.28505,0.44,VRC,3696
46.4823,-0.22697,9.02,MIS,96243
46.49642,-0.22705,4.83,BTH,48686
46.50446,-0.2296,3.85,MIE,41079
46.50638,-0.22901,3.41,BTH,34372
46.50172,-0.22863,5.64,MIE,60178
46.50468,-0.22762,3.83,TTH,33244
46.51222,-0.22917,5.17,MLG,16544
46.5115,-0.22789,0.58,MLG,1856
46.5151,-0.22823,2.05,BTH,20664
46.51638,-0.23338,2.95,MIE,31476
46.53674,-0.23463,3.64,TTH,31595
46.54622,-0.23601,5.25,BTH,52920
46.54075,-0.23463,4.01,BTH,40420
46.51993,-0.23097,3.12,MIE,33290
46.52834,-0.23196,1.03,MIE,10990
46.5291,-0.23022,0.54,MIE,5761
46.51772,-0.22872,3.16,BTH,31852
46.53268,-0.22866,4.24,MIE,45240
46.53866,-0.23266,1.23,BTH,12398
46.53872,-0.2316,11.11,MIE,118543
46.53676,-0.23115,0.5,BTH,5040
46.54145,-0.2315,5.38,BTH,54230
46.54456,-0.23228,3.16,BTH,31852
46.547,-0.23218,5.05,MIS,53883
46.55159,-0.23276,1.33,MIE,14191
46.5434,-0.23046,4.07,BTH,41025
46.53463,-0.22911,1.95,ORH,13084
46.54642,-0.23056,4.39,BTH,44251
46.56851,-0.24218,5.9,BTH,59472
46.5535,-0.24051,3.44,MIE,36704
46.55566,-0.2406,5.93,BTH,59774
46.55793,-0.2409,7.1,BTH,71568
46.56284,-0.24209,2.03,MIE,21660
46.57162,-0.24339,7.22,MIS,77037
46.5734,-0.24235,1.15,MIE,12270
46.56389,-0.2405,1.08,MIE,11523
46.56772,-0.23986,11.06,MIE,118010
46.56217,-0.23953,2.54,MIE,27101
46.55575,-0.23787,0.41,VRG,3386
46.56141,-0.23886,1.52,MIE,16218
46.56488,-0.23909,0.72,MIE,7682
46.56554,-0.2383,1.06,TTH,9200
46.58223,-0.24037,2.43,BTH,24494
46.58439,-0.24072,4.37,BTH,44049
46.58029,-0.23922,7.73,MIS,82479
46.5714,-0.23874,3.6,BTH,36288
46.57508,-0.23842,1.61,MIE,17178
46.57715,-0.23827,1.25,TTH,10850
46.58943,-0.23835,1.6,ORH,10736
46.59684,-0.24453,1.21,MLG,3872
46.59588,-0.24424,2.15,MLG,6880
46.59216,-0.24248,1.18,MCR,11705
46.5954,-0.24307,0.92,TTH,7985
46.59756,-0.24267,1.71,TTH,14842
46.60404,-0.2441,1.1,MCR,10912
46.6049,-0.2442,1.27,MCR,12598
46.58988,-0.23905,1.31,ORH,8790
46.6034,-0.24401,1.34,MCR,13292
46.61162,-0.24619,3.06,MCR,30355
46.61575,-0.24603,3.39,MCR,33628
46.62089,-0.24602,1.8,MLG,5760
46.59134,-0.23864,8.41,BTH,84772
47.16002,-0.28501,0.48,VRC,4032
46.61191,-0.24461,5.22,MIE,55697
46.61486,-0.24404,3.51,MCR,34819
46.61992,-0.24475,3.58,MCR,35513
46.62606,-0.24477,16.22,MIE,173067
46.59978,-0.24153,1.85,BTH,18648
46.606,-0.2418,5.66,MCR,56147
46.6096,-0.24245,2.02,MCR,20038
46.61169,-0.24239,2.15,MCR,21328
46.61962,-0.24304,4.48,MLG,14336
46.6224,-0.24334,7.38,MCR,73209
46.61455,-0.24102,8.0,MCR,79360
46.61792,-0.24171,4.18,MCR,41465
46.56366,-0.23691,1.71,TTH,14842
46.56649,-0.23676,0.56,MIE,5975
46.5655,-0.23623,1.4,MIE,14937
46.56858,-0.2369,1.66,MIE,17712
46.56172,-0.23495,4.15,TTH,36022
46.55275,-0.23291,2.14,TTH,18575
46.56042,-0.23376,2.68,TTH,23262
46.567,-0.23594,2.0,BTH,20160
46.56614,-0.2346,1.11,MIE,11843
46.56288,-0.23365,1.54,MIE,16431
46.57874,-0.23795,1.49,BTH,15019
46.58367,-0.23725,13.92,BTH,140313
46.55671,-0.23297,0.22,VRG,1817
46.60123,-0.2381,1.93,MCR,19145
46.5865,-0.23448,2.82,MIE,30089
46.58068,-0.23361,0.94,TTH,8159
47.16038,-0.28512,0.7,VRC,5879
46.58228,-0.23349,2.56,MIE,27315
46.59332,-0.2385,3.26,TTH,28296
46.60109,-0.23931,2.84,MLG,9088
46.60364,-0.23849,1.84,MLG,5888
46.60034,-0.23671,3.36,MLG,10752
46.61116,-0.24035,8.57,MIS,91441
46.62328,-0.23954,17.98,MIS,191846
47.14596,-0.28368,3.41,BTH,34372
46.5977,-0.23588,3.57,MLG,11424
46.59926,-0.23609,3.8,MLG,12160
46.60324,-0.23606,4.26,ORH,28584
46.60157,-0.23519,1.68,MLG,5376
46.60512,-0.2351,2.12,MCR,21030
46.5988,-0.23348,2.66,TRN,23275
46.59754,-0.2325,1.53,TRN,13387
46.60262,-0.23346,2.08,MLG,6656
46.61297,-0.23513,7.95,MIE,84826
46.33492,-0.21669,3.43,BTH,34574
46.33608,-0.21659,1.11,BTH,11188
46.3332,-0.21496,12.67,BTH,127713
46.33422,-0.21591,0.64,BTH,6451
46.33644,-0.21526,1.19,BTH,11995
46.338,-0.21606,3.8,BTH,38303
46.34218,-0.21598,0.92,BTH,9273
46.34616,-0.21632,6.54,CZH,87112
46.33519,-0.21506,0.44,BTH,4435
46.33686,-0.21483,0.24,BTH,2419
46.33525,-0.21414,0.93,BTH,9374
46.33814,-0.21418,2.35,BTH,23688
46.34314,-0.2157,2.23,MIS,23794
46.34908,-0.21449,2.28,BTH,22982
46.35416,-0.21701,4.18,ORH,28047
46.35884,-0.21708,7.98,ORH,53545
46.363,-0.21822,2.5,TRN,21875
46.36474,-0.21829,5.88,TRN,51449
46.36729,-0.21884,3.62,TRN,31675
46.35146,-0.21533,2.13,BTH,21470
46.36202,-0.21605,3.42,MIE,36491
46.33715,-0.21384,0.03,BTH,302
46.34095,-0.21358,3.63,BTH,36590
46.33898,-0.21387,1.05,MIS,11203
46.33242,-0.21229,0.58,MIS,6188
46.3336,-0.21191,0.8,MIS,8536
46.33784,-0.21292,0.71,TRN,6212
46.34229,-0.21422,2.08,BTH,20966
46.34459,-0.21365,2.82,BTH,28425
46.34734,-0.21364,4.09,BTH,41227
46.33614,-0.21206,6.67,TRN,58362
46.33806,-0.21191,3.21,MIS,34250
46.3402,-0.21149,2.13,MIS,22727
46.33466,-0.21083,1.12,MIS,11950
46.33306,-0.21037,2.0,MIS,21340
46.33474,-0.21046,0.16,MIS,1707
46.34148,-0.21124,2.41,MIS,25714
46.34396,-0.21122,5.83,CZH,77655
46.34826,-0.21225,2.18,BTH,21974
46.35366,-0.21458,1.46,MIS,15578
46.35066,-0.21416,1.88,BTH,18950
46.35782,-0.21465,12.02,TRN,105175
46.3608,-0.21389,1.22,MIE,13017
46.35336,-0.21205,7.21,BTH,72676
46.35568,-0.21308,1.42,BTH,14313
46.35184,-0.21137,4.46,BTH,44956
46.35878,-0.21201,7.53,TRN,65887
46.37921,-0.21912,2.95,BTH,29736
46.38026,-0.2186,0.86,BTH,8668
46.37202,-0.2167,1.43,TRN,12512
46.38215,-0.21758,3.42,MIS,36491
46.39004,-0.21962,5.53,BTH,55742
46.38964,-0.21697,4.21,CZH,56077
46.38563,-0.21595,3.66,BTH,36892
46.38292,-0.21508,5.03,CZH,66999
46.3796,-0.21389,1.56,MIE,16645
46.38143,-0.21325,3.44,SOJ,59855
46.39202,-0.21686,10.41,BTH,104932
46.39352,-0.21561,3.23,CZH,43023
46.38783,-0.21436,9.62,BTH,96969
46.39429,-0.21419,4.01,CZH,53413
46.33382,-0.21009,1.36,MIS,14511
46.33338,-0.20958,0.25,MIS,2667
46.33447,-0.20949,0.38,MIS,4054
46.33305,-0.20934,0.19,MIS,2027
46.33408,-0.20884,0.37,MIS,3947
46.33562,-0.20886,2.44,MIS,26034
46.34076,-0.21003,1.81,MIS,19312
46.33678,-0.20913,0.79,MIS,8429
46.34704,-0.21014,2.77,MIE,29555
46.34524,-0.2104,4.28,MIS,45667
46.34947,-0.20993,10.86,BTH,109468
46.33884,-0.20914,5.41,BTH,54532
46.3485,-0.2079,2.06,BTH,20764
46.35844,-0.21046,1.77,BTH,17841
46.35754,-0.20964,1.4,BTH,14111
46.35906,-0.20871,0.89,BTH,8971
46.36068,-0.2093,5.39,BDH,54331
46.3355,-0.20672,0.79,BTH,7963
46.33846,-0.20614,5.74,MIS,61245
46.34969,-0.20725,1.39,TRN,12162
46.35334,-0.20629,13.36,ORH,89645
46.3678,-0.20732,1.9,TRN,16625
46.37332,-0.2116,3.65,BTH,36792
46.3792,-0.21229,5.75,CZH,76590
46.38158,-0.21222,2.4,CZH,31968
46.37826,-0.21057,6.22,CZH,82850
46.385,-0.21126,14.68,CZH,195537
46.39472,-0.21299,3.65,BTH,36792
47.24948,-0.37687,0.9,VRC,7560
46.39132,-0.21158,17.15,CZH,228438
46.3878,-0.21064,8.97,BTH,90417
46.39412,-0.21116,2.01,BTH,20260
46.37732,-0.20833,4.88,BTH,49190
46.3809,-0.21047,2.87,MIE,30622
46.38194,-0.20886,4.89,CZH,65134
46.3842,-0.20845,6.09,BTH,61387
46.39518,-0.20922,1.83,MIS,19526
46.41984,-0.22166,22.16,CZH,295171
46.42354,-0.21902,9.97,CZH,132800
46.42438,-0.22195,6.54,CZH,87112
46.42794,-0.22198,2.22,CZH,29570
46.43043,-0.22091,2.7,BTH,27216
46.43471,-0.22275,2.91,MIS,31049
46.43684,-0.22151,2.81,MIS,29982
46.43793,-0.22178,1.18,MIS,12590
46.42733,-0.22063,1.22,CZH,16250
46.42602,-0.21956,4.95,CZH,65934
46.43794,-0.22002,1.34,MIS,14297
46.42166,-0.21713,10.65,ORH,71461
46.41986,-0.21588,3.2,CZH,42624
46.42982,-0.2193,2.56,ORP,17177
46.42465,-0.21642,5.12,BTH,51609
46.433,-0.21612,2.57,BTH,25905
46.43498,-0.21691,6.19,ORH,41534
46.43706,-0.21698,1.95,TRN,17062
46.44196,-0.2169,4.6,MIS,49081
46.44727,-0.22284,3.86,BTH,38908
46.46044,-0.22225,2.56,MIE,27315
46.45814,-0.22133,11.61,BTH,117028
46.47172,-0.22496,1.65,MIE,17605
46.47314,-0.22462,2.85,BTH,28728
46.47704,-0.22488,1.85,MIS,19739
46.47119,-0.22377,2.73,MIE,29129
46.47646,-0.22411,0.56,MIS,5975
46.47844,-0.22405,1.58,MIE,16858
46.47238,-0.22218,2.83,MIE,30196
46.47874,-0.22293,3.31,MIS,35317
46.47084,-0.22199,6.5,MIE,69355
46.47734,-0.22236,2.34,MIE,24967
46.46958,-0.21511,3.08,MIE,32863
46.45588,-0.21773,4.7,BTH,47376
46.474,-0.22261,8.11,BTH,81748
46.4764,-0.22159,3.3,MIE,35211
46.47554,-0.22065,2.86,MIS,30516
46.47241,-0.21916,4.03,BTH,40622
46.42124,-0.21508,0.66,BTH,6652
46.42628,-0.21479,5.23,TRN,45762
46.43158,-0.21519,2.52,BTH,25401
46.43378,-0.21479,0.43,MIS,4588
46.44252,-0.21404,2.66,MIS,28382
46.43516,-0.2136,7.52,TRN,65799
46.43778,-0.21393,6.79,CZH,90442
46.42474,-0.21256,6.3,TTH,54684
46.43054,-0.21224,10.03,MIE,107020
46.43321,-0.21224,2.72,BTH,27417
46.42817,-0.2108,14.63,CZH,194871
46.43302,-0.21033,6.1,BTH,61488
46.43997,-0.21051,5.34,BTH,53827
46.45406,-0.21738,2.7,ORH,18117
46.45823,-0.21739,1.66,TTH,14408
46.45387,-0.21463,3.1,MIE,33077
46.46796,-0.21438,2.28,MIS,24327
46.46579,-0.2166,4.61,BTH,46468
46.47184,-0.21771,1.97,BTH,19857
46.47471,-0.21913,5.16,BTH,52012
46.47122,-0.2167,1.89,TRN,16537
46.47398,-0.2174,0.93,MIS,9923
46.46612,-0.21417,1.33,MIS,14191
46.47094,-0.21511,0.86,MIS,9176
46.4529,-0.21222,1.21,BTH,12196
46.45628,-0.21262,3.16,BTH,31852
46.45412,-0.21237,2.97,BTH,29937
46.13419,-0.17641,3.43,MIS,36598
46.47122,-0.21389,3.22,MIE,34357
46.46234,-0.21276,2.5,BTH,25200
46.46598,-0.2128,0.86,BTH,8668
46.46715,-0.21264,2.66,BTH,26812
46.4641,-0.21174,6.15,BTH,61992
46.4701,-0.2121,2.7,TRN,23625
46.4715,-0.21243,0.61,TRN,5337
46.33774,-0.19971,0.33,MIS,3521
46.34743,-0.20167,7.92,MIE,84506
46.34596,-0.1988,4.9,BTH,49391
46.33431,-0.19772,1.34,MIS,14297
46.60054,-0.23047,2.38,TTH,20658
46.35079,-0.20105,10.91,BTH,109972
46.35478,-0.20034,2.01,MIE,21446
46.35742,-0.19982,2.21,MIE,23580
46.3634,-0.20018,2.28,ORH,15298
46.37804,-0.20584,2.22,BTH,22377
46.385,-0.20593,7.23,CZH,96303
46.37744,-0.20369,1.03,MIE,10990
46.38904,-0.20569,23.84,BTH,240307
46.39272,-0.20695,2.32,BTH,23385
46.37381,-0.20188,0.79,ORH,5300
46.37479,-0.2017,1.22,ORH,8186
46.37926,-0.2014,1.51,MIE,16111
46.37664,-0.20098,6.0,ORH,40260
46.37506,-0.19965,1.35,ORH,9058
46.38044,-0.20062,2.97,ORH,19928
46.3911,-0.20183,8.96,CZH,119347
46.3936,-0.20211,3.54,MIS,37771
46.35062,-0.19744,1.15,ORH,7716
46.3451,-0.19616,1.6,BTH,16128
46.34606,-0.19653,1.1,BTH,11088
46.34872,-0.19657,3.42,CZH,45554
46.34988,-0.1962,1.32,ORH,8857
46.34776,-0.19581,6.47,BTH,65217
46.3609,-0.19732,0.36,CZH,4795
46.35271,-0.19591,1.35,MIE,14404
46.35812,-0.19604,4.67,BTH,47073
46.35971,-0.19581,2.78,BTH,28022
46.35091,-0.1942,5.65,CZH,75258
46.34907,-0.19296,4.39,CZH,58474
46.36621,-0.19542,1.56,BTH,15724
46.36716,-0.19499,1.01,BTH,10180
46.36198,-0.19362,12.12,CZH,161438
46.35276,-0.19243,5.36,TRN,46900
46.38494,-0.1992,2.42,MIS,25821
46.38162,-0.19721,2.13,ORH,14292
46.37938,-0.19686,2.24,CZH,29836
46.38403,-0.19711,7.2,CZH,95904
46.38592,-0.19386,2.01,CZH,26773
47.162,-0.28496,1.03,VRC,8652
46.35697,-0.19234,9.16,MIE,97737
46.36014,-0.19284,2.89,MIE,30836
46.36856,-0.19351,1.28,CZH,17049
46.36334,-0.19336,3.11,BDH,31348
46.36488,-0.19274,7.44,ORH,49922
46.36594,-0.19291,6.5,BTH,65519
46.37556,-0.19775,2.02,CZH,26906
46.38684,-0.19817,9.43,CZH,125607
46.39472,-0.19946,2.52,BTH,25401
46.39776,-0.19975,3.87,CZH,51548
46.38864,-0.19831,0.99,CZH,13186
46.39166,-0.19836,4.75,TRN,41562
46.37802,-0.19598,1.88,TRN,16449
46.37599,-0.19449,13.55,BTH,136584
46.38062,-0.19676,2.14,ORH,14359
46.38281,-0.19408,13.1,TRN,114625
46.3796,-0.1934,8.49,ORH,56967
46.38534,-0.19467,1.96,MIS,20913
46.39776,-0.19618,5.18,CZH,68997
46.39385,-0.19572,16.47,BTH,166017
46.4051,-0.19666,2.94,MIS,31369
46.40086,-0.1951,2.93,BTH,29534
46.42938,-0.20715,7.27,BDH,73281
46.43803,-0.20959,3.69,BTH,37195
46.43502,-0.20826,18.8,TRN,164500
46.43196,-0.20585,12.61,BTH,127108
46.43991,-0.20758,3.17,BTH,31953
46.42233,-0.20422,3.81,CZH,50749
46.44276,-0.20637,0.96,MIS,10243
46.44256,-0.20545,1.35,BTH,13608
46.4368,-0.20475,2.39,BTH,24091
46.43632,-0.20307,2.1,CZH,27972
46.46231,-0.21063,4.67,MIS,49828
46.46574,-0.21016,4.72,BTH,47577
46.46995,-0.20994,7.39,BTH,74491
46.46792,-0.20914,4.27,MIS,45560
46.47206,-0.20922,2.82,MIS,30089
46.45123,-0.20547,10.62,CZH,141458
46.4669,-0.20708,3.09,MIS,32970
46.476,-0.20876,4.55,MIS,48548
46.4732,-0.20586,1.98,MIS,21126
46.42617,-0.20162,10.17,BTH,102513
46.43466,-0.20242,7.96,BTH,80236
46.50584,-0.22304,1.87,BTH,18849
46.43986,-0.20099,5.33,MLG,17056
46.42447,-0.19683,10.6,ORH,71126
46.43841,-0.19728,2.03,ORH,13621
46.43999,-0.19734,7.65,ORH,51331
46.44752,-0.20288,6.02,MLG,19264
46.4496,-0.20246,1.71,MIS,18245
46.44532,-0.20131,2.64,SOG,26188
46.45114,-0.20183,2.43,BTH,24494
46.45321,-0.20262,1.36,BTH,13708
46.44896,-0.19979,4.43,MIS,47268
46.44394,-0.19955,2.38,MIE,25394
46.4519,-0.19947,2.12,MIE,22620
46.45306,-0.2005,2.26,BTH,22780
46.45488,-0.19937,3.07,MIE,32756
46.44742,-0.19782,0.95,BTH,9575
46.45344,-0.1988,1.17,BTH,11793
46.45946,-0.19934,4.81,MCR,47715
46.48058,-0.22454,6.51,MIS,69461
46.49372,-0.22482,0.36,VRG,2973
46.51488,-0.22598,4.62,BTH,46569
46.50528,-0.22568,1.97,MIE,21019
46.49334,-0.22305,1.37,MIE,14617
46.49486,-0.2215,1.75,BTH,17639
46.48854,-0.22023,2.54,TRN,22225
46.5208,-0.22656,6.68,MIE,71275
46.5302,-0.22719,2.09,MIE,22300
46.51786,-0.2258,2.64,BTH,26611
46.54201,-0.22857,4.74,MIS,50575
46.5363,-0.22756,3.26,ORH,21874
46.54434,-0.22848,1.73,MIS,18459
46.5451,-0.2287,4.5,BTH,45359
46.53482,-0.22757,3.46,MIE,36918
46.54108,-0.22776,1.85,MIE,19739
46.53974,-0.22599,5.57,MIS,59431
46.51811,-0.22256,8.19,MIE,87387
46.53389,-0.22541,2.3,MIE,24541
46.5273,-0.22394,1.73,BTH,17438
46.52099,-0.22256,2.03,MIS,21660
46.52245,-0.22261,6.85,BTH,69048
46.52456,-0.22236,4.24,MIE,45240
46.53008,-0.22276,2.48,BTH,24998
46.54421,-0.2258,6.6,MIS,70422
46.54163,-0.22399,4.35,TRN,38062
46.54327,-0.22473,2.64,MIE,28168
46.53766,-0.22291,5.36,MIS,57191
46.54652,-0.2234,3.61,TTH,31334
46.4813,-0.21846,1.0,TRN,8750
46.48439,-0.21668,9.19,BTH,92635
46.50057,-0.21767,1.54,MIE,16431
46.49876,-0.21778,1.55,MIE,16538
47.1645,-0.28505,1.44,VRC,12096
46.48033,-0.21311,2.75,BTH,27720
46.60084,-0.22753,1.2,TTH,10415
46.50248,-0.2138,0.84,MIE,8962
46.5338,-0.22078,6.26,MIE,66794
46.52442,-0.21961,2.66,TTH,23088
46.53428,-0.21936,2.3,MIE,24541
46.52716,-0.21866,4.74,MIE,50575
46.53658,-0.22111,2.59,ORP,17378
46.54615,-0.22244,4.36,MIE,46521
46.54162,-0.22068,7.43,TRN,65012
46.54798,-0.21951,2.39,MIE,25501
46.54916,-0.22049,2.59,TTH,22481
46.5317,-0.21641,2.48,MIE,26461
46.52528,-0.21807,3.1,MIE,33077
46.53011,-0.21782,4.17,MIE,44493
46.52761,-0.21706,1.12,MIE,11950
46.52486,-0.21605,0.98,BTH,9878
46.5285,-0.21564,4.45,MIE,47481
46.54466,-0.2186,1.29,MIS,13764
46.5423,-0.21683,4.0,TRN,35000
46.55276,-0.21731,3.09,MIE,32970
46.54388,-0.21711,1.92,TTH,16665
46.54638,-0.21699,4.66,MIS,49722
46.57101,-0.23021,2.99,MLG,9568
46.55406,-0.22756,2.31,MIS,24647
46.5677,-0.22959,2.63,TTH,22828
46.58366,-0.23108,2.17,MIE,23153
46.58611,-0.23139,1.6,TTH,13888
46.58138,-0.23063,3.2,MIE,34144
46.5742,-0.22788,6.6,BTH,66527
46.58811,-0.22959,2.46,TTH,21352
47.14696,-0.28047,1.31,BTH,13204
46.56812,-0.22466,0.76,TTH,6596
46.57657,-0.22722,1.77,TRN,15487
46.57852,-0.22767,2.4,BTH,24192
46.58308,-0.22751,8.47,BTH,85377
46.57585,-0.22499,2.21,TRN,19337
46.5807,-0.22525,3.35,MIE,35744
46.58832,-0.22664,2.19,TTH,19009
46.58228,-0.2246,4.84,BTH,48787
46.59728,-0.23099,1.28,MLG,4096
46.60241,-0.23124,5.04,MCR,49996
46.59548,-0.22922,1.89,MLG,6048
46.61799,-0.23306,4.77,BTH,48081
46.62384,-0.23308,14.01,BTH,141220
46.59886,-0.22894,3.99,MLG,12768
46.5951,-0.22716,3.0,MLG,9600
46.59679,-0.22756,4.41,MLG,14112
46.6062,-0.22686,1.16,MIS,12377
46.61538,-0.22938,1.95,MLG,6240
46.61825,-0.23029,10.22,MIE,109047
46.62334,-0.22948,3.43,MLG,10976
46.6154,-0.2285,3.28,TTH,28470
46.61773,-0.22747,2.16,MIE,23047
46.62123,-0.22782,2.46,MLG,7872
46.57625,-0.22362,2.43,BTH,24494
46.57882,-0.22314,0.13,MLG,416
46.58943,-0.22489,4.89,TTH,42445
46.57804,-0.22239,1.13,TTH,9808
46.58496,-0.22337,4.5,MIE,48015
46.58721,-0.22302,3.73,BTH,37598
46.58436,-0.22188,3.73,CZH,49683
46.55424,-0.21942,1.51,MIS,16111
46.55362,-0.21866,1.27,MIS,13550
46.5734,-0.22195,6.38,BTH,64310
46.57648,-0.22035,11.54,TTH,100167
46.58934,-0.22213,2.07,TTH,17967
46.5888,-0.22097,3.61,TTH,31334
46.58418,-0.21962,0.99,CZH,13186
46.5866,-0.21948,4.58,MIE,48868
46.59344,-0.22418,7.11,TTH,61714
46.59721,-0.22503,2.67,MIE,28488
46.5954,-0.2247,8.84,BTH,89107
46.60236,-0.2261,8.69,MIS,92722
46.59872,-0.22323,3.02,TTH,26213
46.60651,-0.22497,3.19,MLG,10208
46.59997,-0.22301,1.35,TTH,11718
46.62196,-0.2272,2.88,TTH,24998
46.61999,-0.22368,0.98,TTH,8506
46.59163,-0.22178,3.78,TTH,32810
46.59865,-0.2217,3.41,TTH,29598
46.60078,-0.22198,1.87,MLG,5984
46.59972,-0.22024,2.71,MLG,8672
46.6029,-0.22025,4.35,MLG,13920
46.60596,-0.22062,6.17,MCR,61206
46.61376,-0.22223,2.16,MIE,23047
46.61477,-0.22061,7.4,MIE,78958
46.49156,-0.21131,5.27,BTH,53121
46.50402,-0.21179,5.54,MIE,59111
46.51618,-0.21174,7.25,TTH,62930
46.49827,-0.20707,3.7,MIS,39479
46.50136,-0.20968,7.95,BTH,80136
46.49926,-0.20899,0.54,MIS,5761
46.51329,-0.21005,7.92,BTH,79833
46.51214,-0.20899,3.28,TRN,28700
46.51624,-0.20912,6.19,BTH,62395
46.51107,-0.20738,2.4,MIE,25608
46.51747,-0.21314,6.15,MIE,65620
46.52146,-0.21332,3.61,MIE,38518
46.52493,-0.2134,1.71,TTH,14842
46.52646,-0.21419,4.17,BTH,42033
46.53018,-0.21465,1.58,MIS,16858
46.52936,-0.21314,0.47,MCR,4662
46.53838,-0.21633,8.05,TTH,69874
46.15926,-0.17862,5.0,BDH,50400
46.54056,-0.21521,3.9,BTH,39312
46.5433,-0.21516,4.02,TRN,35175
46.54726,-0.21512,3.4,MIS,36278
46.52186,-0.21142,6.0,TTH,52080
46.52419,-0.21104,8.68,BTH,87494
46.531,-0.21073,6.57,TTH,57027
46.53406,-0.21048,8.22,ORP,55156
46.53986,-0.2111,5.66,BTH,57052
46.53608,-0.21093,2.74,MIE,29235
46.54336,-0.20991,1.47,TRN,12862
46.54536,-0.21102,8.21,MIS,87600
46.48267,-0.20561,3.0,TRN,26250
46.48646,-0.20546,0.13,MIS,1387
46.48501,-0.20515,2.45,MLG,7840
46.49079,-0.20484,2.88,TTH,24998
46.48688,-0.2036,3.68,MIE,39265
46.4983,-0.20428,4.19,TRN,36662
46.49262,-0.20323,6.89,BTH,69451
46.4943,-0.20352,0.33,VRG,2725
46.50514,-0.20531,1.6,TTH,13888
46.50002,-0.2032,1.39,MIE,14831
46.50744,-0.20479,7.04,TTH,61107
46.48634,-0.20211,0.14,PTC,1646
46.48708,-0.20179,0.14,VRG,1156
46.48048,-0.19956,8.31,BTH,83764
46.4889,-0.19921,15.0,CZH,199800
46.50216,-0.20301,8.12,MIS,86640
46.50456,-0.20359,3.04,TRN,26600
46.50108,-0.2025,0.89,MIE,9496
46.51144,-0.20351,4.01,TTH,34806
46.50062,-0.20132,1.42,VRG,11729
46.50918,-0.20171,5.18,BTH,52214
46.51016,-0.20209,4.61,MIE,49188
46.53267,-0.20872,2.09,BTH,21067
46.5355,-0.20854,0.7,TTH,6076
46.54465,-0.20713,2.43,BTH,24494
46.55356,-0.21657,0.88,MCR,8729
46.55534,-0.21614,3.64,TTH,31595
46.55646,-0.21486,5.35,BTH,53927
46.55459,-0.21295,2.39,TTH,20745
46.56221,-0.21483,4.55,MIE,48548
46.57385,-0.21721,6.41,MLG,20512
46.5727,-0.21451,5.85,BTH,58967
46.5897,-0.21588,2.61,BTH,26308
46.56006,-0.21351,2.65,MIE,28275
46.56515,-0.2136,1.1,BTH,11088
46.5634,-0.21321,3.35,TTH,29078
46.5653,-0.2115,1.58,TTH,13714
46.56457,-0.21119,2.55,TTH,22134
46.57326,-0.21332,4.11,TTH,35674
46.58555,-0.21417,4.53,TTH,39320
46.57239,-0.2113,5.36,BTH,54028
46.58914,-0.2133,3.75,BTH,37800
46.58462,-0.21225,3.02,TTH,26213
46.58986,-0.21203,0.3,ORP,2013
47.08734,-0.27015,0.84,VRC,7055
46.5922,-0.21844,6.65,TTH,57722
46.59355,-0.21721,3.58,MLG,11456
46.60414,-0.21756,3.67,MLG,11744
46.60784,-0.21724,8.51,MIE,90801
46.6103,-0.22036,7.64,MIE,81518
46.62456,-0.21974,2.32,MLG,7423
46.61303,-0.21836,3.5,MIE,37345
46.62646,-0.21839,1.45,MLG,4640
46.61032,-0.21495,3.9,MIE,41613
46.6124,-0.21463,4.46,TTH,38712
46.56082,-0.20963,7.85,MIE,83759
46.56285,-0.20609,10.81,BTH,108964
46.57294,-0.21006,0.81,MCR,8035
46.58958,-0.21171,4.08,TTH,35414
46.56514,-0.20725,0.12,TTH,1041
46.56469,-0.20683,5.74,TTH,49823
46.59372,-0.21,2.65,BTH,26712
46.61312,-0.21118,7.53,MIE,80345
46.06696,-0.16895,4.01,BTH,40420
46.61216,-0.20959,2.68,MIE,28595
46.59821,-0.20856,2.35,MLG,7520
46.5966,-0.20706,5.13,MLG,16416
46.60264,-0.20826,5.3,MIE,56551
46.59898,-0.20649,4.19,TRN,36662
46.06792,-0.17485,7.48,CZH,99633
46.61452,-0.20826,7.1,SOG,70432
46.04268,-0.17241,5.5,TRN,48125
46.04638,-0.17355,2.3,TRN,20125
46.0713,-0.17516,1.44,MIS,15364
46.07218,-0.17481,3.51,ORH,23552
46.10306,-0.17324,2.61,BTH,26308
46.03788,-0.17243,8.47,BTH,85377
46.0526,-0.17371,8.82,BTH,88905
46.04227,-0.17006,12.4,BTH,124992
46.04574,-0.16995,3.81,BTH,38404
46.05153,-0.17167,2.57,TRN,22487
46.0567,-0.17172,12.85,BTH,129528
46.05768,-0.17425,11.71,BTH,118036
46.0644,-0.1731,11.86,TRN,103775
46.06196,-0.1711,1.08,BTH,10886
46.07338,-0.17352,2.48,CZH,33033
46.04472,-0.16876,4.9,TRN,42875
46.05504,-0.1676,11.79,BTH,118843
46.06362,-0.1704,1.0,BTH,10080
46.06982,-0.17207,1.59,CZH,21178
46.07042,-0.171,2.24,BTH,22579
46.07588,-0.1725,24.73,TRN,216387
46.0644,-0.16773,2.61,ORP,17513
46.09814,-0.1728,0.98,MCR,9721
46.07928,-0.17475,2.58,TRN,22575
46.08164,-0.17492,0.99,TRN,8662
46.08032,-0.17448,0.9,BTH,9072
46.08034,-0.17342,0.24,MCR,2380
46.07717,-0.17222,2.13,BTH,21470
46.09089,-0.1739,13.0,BTH,131040
46.09697,-0.17647,0.63,MCR,6249
46.09908,-0.17614,7.24,MCR,71820
46.09617,-0.17532,3.01,BTH,30340
46.10276,-0.17691,6.9,BTH,69552
46.10602,-0.17688,5.03,TRN,44012
46.09384,-0.17524,7.02,MIE,74903
46.1011,-0.17491,3.24,BTH,32659
46.09906,-0.17393,3.5,BTH,35279
46.09822,-0.17352,0.72,MLG,2304
46.10596,-0.17563,5.3,TRN,46375
46.10917,-0.17447,2.5,TRN,21875
46.10472,-0.17304,9.04,BTH,91123
46.08188,-0.17203,1.02,TRN,8924
46.07868,-0.17159,6.34,MCR,62892
46.08162,-0.17092,1.86,BTH,18748
46.08364,-0.17218,6.1,TRN,53375
46.0894,-0.17258,6.07,TRN,53112
46.08647,-0.17147,7.17,TRN,62737
46.08113,-0.17022,2.31,BTH,23284
46.0835,-0.17027,1.06,BTH,10684
46.07681,-0.16889,2.52,CZH,33566
46.08363,-0.16944,0.65,BTH,6552
46.08734,-0.17108,2.37,BTH,23889
46.08833,-0.17033,4.33,ORH,29054
46.09112,-0.17042,2.85,BTH,28728
46.09291,-0.16999,0.46,MLG,1472
46.09336,-0.1728,0.4,MIS,4268
46.09692,-0.17327,1.15,BTH,11591
46.09482,-0.1729,3.24,MIS,34570
46.09348,-0.17188,3.5,BTH,35279
46.09602,-0.17077,7.1,BTH,71568
46.09924,-0.17236,3.06,BTH,30844
46.10214,-0.17217,2.56,BTH,25804
46.09768,-0.17052,6.02,TRN,52675
46.09978,-0.17024,2.16,CZH,28771
46.10234,-0.17064,1.8,CZH,23976
46.10729,-0.17126,5.0,BTH,50400
46.10938,-0.17196,12.01,TRN,105087
46.1032,-0.17016,2.17,CZH,28904
46.04384,-0.167,4.16,BTH,41932
46.04286,-0.16519,5.13,ORH,34422
46.0469,-0.16537,2.77,TRN,24237
46.04587,-0.1629,1.09,TRN,9537
46.14914,-0.17411,4.27,BTH,43041
46.0488,-0.16672,18.75,TRN,164062
46.03934,-0.16489,8.63,CZH,114951
46.05386,-0.16494,9.06,BTH,91324
46.05148,-0.16378,11.03,BTH,111182
46.05732,-0.16709,3.71,BTH,37396
46.07056,-0.16687,4.06,TRN,35524
46.07156,-0.16677,0.62,TRN,5425
46.07396,-0.16668,7.17,CZH,95504
46.06742,-0.16592,4.64,TRN,40600
46.06637,-0.16558,1.39,BTH,14011
46.04828,-0.16368,0.82,TRN,7174
46.04756,-0.1624,1.87,BTH,18849
46.04832,-0.16221,0.34,MIS,3627
46.03947,-0.16059,0.01,CZH,133
46.05007,-0.1613,6.06,BTH,61084
46.05656,-0.16332,1.25,BTH,12600
46.074,-0.16419,5.34,BTH,53827
46.06684,-0.16194,3.35,BTH,33768
46.07297,-0.16236,5.44,MCR,53964
46.07084,-0.1627,9.72,BTH,97977
46.07928,-0.16892,2.54,BTH,25603
46.07762,-0.16818,1.5,MCR,14880
46.0811,-0.16814,1.71,TRN,14962
46.0987,-0.16441,1.83,CZH,24375
46.09041,-0.16908,4.92,BTH,49593
46.08524,-0.16735,1.88,CZH,25041
46.09221,-0.16834,0.81,BTH,8164
46.07697,-0.16688,0.78,ORP,5233
46.07789,-0.16586,7.84,ORP,52606
46.08291,-0.16646,2.41,TRN,21087
46.08684,-0.16643,6.52,BTH,65721
46.10116,-0.1703,5.84,CZH,77788
46.09412,-0.16872,2.35,BTH,23688
46.10018,-0.16862,2.28,CZH,30369
46.11112,-0.17028,2.67,TRN,23362
46.10408,-0.16919,4.84,BTH,48787
46.11049,-0.16879,7.35,TRN,64312
46.07545,-0.16561,4.22,CZH,56210
46.10028,-0.16353,4.25,BTH,42839
46.07936,-0.16412,11.87,BTH,119649
46.0817,-0.1642,0.51,TRN,4462
46.08433,-0.16654,2.98,BTH,30038
46.08507,-0.16511,0.59,BTH,5947
46.08757,-0.16533,6.92,BTH,69753
46.08572,-0.16469,1.74,TRN,15224
46.08079,-0.16348,2.72,BTH,27417
46.07614,-0.16278,4.38,BTH,44150
46.07754,-0.16285,1.52,MLG,4864
46.08344,-0.16327,2.57,BTH,25905
46.08195,-0.16255,0.25,BTH,2520
46.08648,-0.16324,5.11,BTH,51508
46.09717,-0.16625,19.97,TRN,174737
46.09392,-0.16486,5.49,SOG,54460
46.10639,-0.16763,2.92,TRN,25550
46.10795,-0.167,2.77,CZH,36896
46.10384,-0.16693,7.77,TRN,67987
46.1024,-0.16525,2.93,TRN,25637
46.10916,-0.16535,6.02,TRN,52675
46.1067,-0.16437,4.31,CZH,57409
46.11724,-0.17753,1.66,TRN,14524
46.12062,-0.17744,7.68,BTH,77414
46.11918,-0.17641,1.75,BTH,17639
46.12314,-0.17785,0.56,MIS,5975
46.12723,-0.17752,1.36,MIS,14511
46.12811,-0.1773,1.59,MIS,16965
46.11214,-0.1769,6.59,BTH,66427
46.1169,-0.1759,3.78,ORH,25363
46.11307,-0.17428,10.85,BTH,109368
46.11422,-0.17402,3.13,BTH,31550
46.12386,-0.17613,1.61,MIE,17178
46.12435,-0.17623,1.37,MIE,14617
46.12678,-0.17605,0.64,MIS,6828
46.12782,-0.17614,1.81,MIS,19312
46.13038,-0.17797,0.97,MIE,10349
46.13441,-0.178,1.83,MIE,19526
46.13771,-0.17917,3.09,ORH,20733
46.13695,-0.17867,0.84,MIS,8962
46.1323,-0.17728,1.08,MIE,11523
46.14646,-0.1783,18.09,BTH,182347
46.14039,-0.17768,3.4,BTH,34272
46.13258,-0.17617,1.29,MIE,13764
46.13669,-0.17677,2.7,MIE,28809
46.13136,-0.17543,2.08,MIE,22193
46.13884,-0.17598,1.14,TRN,9974
46.14832,-0.17607,4.06,CZH,54079
46.11646,-0.17236,11.58,BTH,116726
46.1219,-0.17392,8.47,MIS,90374
46.12746,-0.17371,0.63,MIE,6722
46.16211,-0.17408,5.06,SOG,50195
46.11809,-0.17211,1.61,TRN,14087
46.1132,-0.17165,2.29,BTH,23083
46.11963,-0.1718,2.37,TRN,20737
46.13058,-0.17386,1.0,MIE,10670
46.13237,-0.17363,2.02,MIE,21553
46.14007,-0.17507,3.23,MIE,34464
46.14286,-0.17483,9.18,MIS,97950
46.14636,-0.17491,7.98,TRN,69825
46.13276,-0.1723,3.45,MIE,36811
46.13435,-0.17236,2.33,TRN,20387
46.13754,-0.17255,5.0,MIS,53350
46.1574,-0.1806,3.02,MIE,32223
46.1525,-0.1786,0.99,BTH,9979
46.15778,-0.18033,4.91,TRN,42962
46.16478,-0.17936,8.8,TRN,77000
46.1509,-0.17753,8.55,BTH,86184
46.1549,-0.17692,7.33,CZH,97635
46.16276,-0.1783,3.25,BTH,32760
46.16084,-0.17719,9.85,MIE,105099
46.16938,-0.17925,8.26,BTH,83260
46.17132,-0.1787,2.54,BTH,25603
46.18465,-0.17911,15.5,TRN,135625
46.16466,-0.17605,3.58,BTH,36086
46.16716,-0.17556,4.63,BTH,46670
46.16966,-0.174,12.24,MIE,130600
46.17384,-0.17432,1.1,BTH,11088
46.11406,-0.17029,2.07,TRN,18112
46.12118,-0.17079,3.34,MIE,35637
46.11281,-0.16974,1.2,BTH,12096
46.11551,-0.16922,3.48,BTH,35078
46.11727,-0.16981,0.68,TRN,5950
46.11702,-0.16904,0.38,TRN,3324
46.11882,-0.16828,2.5,TRN,21875
46.1268,-0.16911,9.23,MIE,98484
46.13357,-0.17106,3.03,BTH,30542
46.1357,-0.17078,0.96,BTH,9676
46.13999,-0.17211,3.73,MIS,39799
46.1426,-0.17218,3.26,MIS,34784
46.14504,-0.17233,1.0,MIE,10670
46.14408,-0.17192,0.56,MIE,5975
46.14524,-0.1717,0.03,MIE,320
46.1333,-0.16879,3.0,BTH,30240
46.1371,-0.16886,6.6,MIE,70422
46.11596,-0.16534,0.91,BTH,9172
46.14128,-0.17016,9.65,BTN,248101
46.14609,-0.17093,0.53,MIE,5655
46.14493,-0.17034,0.47,MIE,5014
46.11608,-0.16656,0.8,TRN,7000
46.11493,-0.16646,17.0,TRN,148750
46.12546,-0.1676,0.93,MIE,9923
46.12475,-0.16767,1.55,MIE,16538
46.12864,-0.16744,0.65,MIE,6935
46.12418,-0.1664,0.63,MIE,6722
46.12558,-0.16572,0.31,MIE,3307
46.12916,-0.16685,0.99,MIE,10563
46.12822,-0.1658,1.68,MIE,17925
46.13086,-0.1682,2.03,MIS,21660
46.1327,-0.16783,2.53,BTH,25502
46.14288,-0.16887,2.48,MIE,26461
46.136,-0.16657,2.4,TRN,21000
46.13914,-0.16623,4.2,MIS,44814
46.1414,-0.16621,7.54,BTH,76003
46.15617,-0.17299,10.17,CZH,135464
46.1574,-0.17214,10.87,MIE,115982
46.16302,-0.17231,4.0,MIE,42680
46.14885,-0.16968,16.49,MIS,175948
46.15375,-0.17005,10.01,TRN,87587
46.16312,-0.17116,7.06,BTH,71164
46.17276,-0.17355,1.7,BTH,17136
46.18484,-0.17465,19.19,TRN,167912
46.16996,-0.1721,1.84,BTH,18547
46.16361,-0.1698,4.89,MIE,52176
46.14972,-0.16678,0.44,MIS,4694
46.15062,-0.16727,1.01,MIE,10776
46.16234,-0.16839,1.86,BTH,18748
46.16348,-0.16694,4.15,ORH,27846
46.07112,-0.15857,5.07,CZH,67532
46.16815,-0.17017,13.29,ORH,89175
46.17011,-0.16753,2.94,MIE,31369
46.04034,-0.1599,4.93,CZH,65667
46.044,-0.15921,9.26,BTH,93340
46.05048,-0.15877,8.44,BTH,85075
46.04196,-0.15726,4.76,ORH,31939
46.04547,-0.15711,2.64,MIS,28168
46.06834,-0.16174,2.03,TRN,17762
46.07046,-0.15835,1.27,BTH,12801
46.04628,-0.15688,0.81,TRN,7087
46.03886,-0.15549,10.85,BTH,109368
46.05058,-0.15682,3.4,BTH,34272
46.048,-0.15596,4.81,BTH,48484
46.0527,-0.15637,6.85,BTH,69048
46.0427,-0.15429,2.46,BTH,24796
46.04421,-0.15459,0.5,TRN,4375
46.04546,-0.15464,3.17,TRN,27737
46.04686,-0.15456,1.25,TRN,10937
46.0502,-0.15517,5.02,BTH,50601
46.0554,-0.15599,11.22,TRN,98175
46.04906,-0.15395,0.88,ORP,5904
46.08604,-0.16071,8.62,CZH,114818
46.07028,-0.15716,0.61,CZH,8125
46.05806,-0.15485,2.0,BTH,20160
46.06856,-0.15634,10.97,CZH,146120
46.07098,-0.15605,0.74,ORH,4965
46.07173,-0.1565,0.39,BTH,3931
46.07588,-0.16111,1.93,CZH,25707
46.08066,-0.16146,4.98,CZH,66333
46.08326,-0.16089,4.92,CZH,65534
46.07564,-0.16009,4.39,ORH,29456
46.07804,-0.16011,1.22,CZH,16250
46.084,-0.16027,1.55,BTH,15623
46.0797,-0.15936,1.52,BTH,15321
46.09172,-0.15994,12.89,TRN,112787
46.0968,-0.16264,7.37,BTH,74289
46.10187,-0.16339,7.35,TRN,64312
46.1075,-0.16349,1.07,TRN,9362
46.10898,-0.16332,2.02,BTH,20361
46.10808,-0.16341,1.06,BTH,10684
46.10837,-0.16283,0.83,BTH,8366
46.0982,-0.16094,6.18,TRN,54074
46.10872,-0.16089,1.88,BTH,18950
46.08275,-0.15894,4.5,CZH,59940
46.0841,-0.15909,2.13,BTH,21470
46.07918,-0.15808,2.38,CZH,31701
46.07824,-0.15723,6.21,TRN,54337
46.08166,-0.15688,4.55,ORH,30530
46.08404,-0.15741,0.65,BTH,6552
46.08947,-0.15765,4.88,CZH,65001
46.09174,-0.15701,3.54,BTH,35683
46.09242,-0.15683,0.36,BTH,3628
46.09309,-0.15634,1.2,SOG,11904
46.09485,-0.15868,24.39,CZH,324874
46.10232,-0.15804,7.7,BTH,77616
46.10562,-0.1599,0.84,ORH,5636
46.11024,-0.16055,1.86,BTH,18748
46.11112,-0.16016,16.95,BTH,170855
46.10462,-0.15929,2.55,CZH,33966
46.10784,-0.15906,5.54,ORH,37173
46.1106,-0.15905,0.56,ORH,3757
46.10416,-0.15841,0.36,CZH,4795
46.10525,-0.15844,1.84,TRN,16100
46.11017,-0.15834,0.61,BTH,6148
46.04112,-0.15314,2.48,BTH,24998
46.04678,-0.15335,2.4,BTH,24192
46.0437,-0.15231,2.19,ORP,14694
46.05288,-0.15325,3.11,BTH,31348
46.05444,-0.15321,1.94,BTH,19555
46.05685,-0.15332,5.29,BTH,53323
46.04284,-0.15071,2.2,CZH,29304
46.04934,-0.15199,5.87,BTH,59169
46.05182,-0.15214,4.86,BTH,48988
46.04774,-0.15142,1.82,TRN,15924
46.06592,-0.15374,8.78,TRN,76825
46.07057,-0.15399,3.13,TRN,27387
46.07152,-0.15359,0.89,TRN,7787
46.06422,-0.15261,1.98,BTH,19958
46.0603,-0.15257,4.82,MIS,51429
46.06395,-0.15172,1.8,BTH,18144
46.07246,-0.15362,1.37,TRN,11987
46.07158,-0.15219,0.6,BTH,6048
46.07082,-0.15212,1.21,BTH,12196
46.04084,-0.15012,3.02,MIS,32223
46.0476,-0.14977,5.96,TRN,52150
46.03867,-0.14841,3.18,TRN,27825
46.07964,-0.15012,1.27,ORH,8521
46.04379,-0.14805,12.3,TRN,107625
46.05106,-0.149,5.65,BTH,56952
46.0532,-0.14876,4.63,BTH,46670
46.05,-0.14841,2.11,BTH,21268
46.05944,-0.15049,7.42,TRN,64925
46.05802,-0.14954,1.95,BTH,19656
46.07265,-0.15142,1.66,BTH,16732
46.07394,-0.1502,1.02,BTH,10281
46.0598,-0.14891,1.57,MCR,15574
46.06595,-0.15007,2.76,ORH,18519
46.05972,-0.1479,1.12,BTH,11289
46.06844,-0.14964,3.4,BTH,34272
46.07398,-0.1491,1.74,ORH,11675
46.07078,-0.1488,0.67,ORP,4495
46.08058,-0.15493,6.46,BTH,65116
46.08394,-0.15582,6.51,BTH,65620
46.07908,-0.15412,3.49,BTH,35179
46.09051,-0.15421,0.53,CZH,7059
46.0917,-0.15483,2.75,MCR,27280
46.08922,-0.15356,0.2,CZH,2664
46.08803,-0.15336,3.65,MCR,36208
46.08948,-0.15329,0.85,CZH,11322
46.0938,-0.15634,1.67,BTH,16833
47.36067,-0.37373,0.6,VRC,5039
46.09944,-0.15624,11.05,SOG,109616
46.10429,-0.15648,5.67,BTH,57153
46.10878,-0.15639,1.88,ORH,12614
46.10966,-0.15624,0.87,ORH,5837
46.11114,-0.15558,1.32,BTH,13305
46.11084,-0.15545,0.63,TRN,5512
46.10308,-0.15419,6.15,BTH,61992
46.10658,-0.15358,6.52,BTH,65721
46.07604,-0.15256,7.66,BTH,77212
46.07918,-0.15097,10.0,TRN,87500
46.08349,-0.15134,4.58,MCR,45433
46.09061,-0.15262,3.77,BTH,38001
46.09215,-0.15247,7.03,TRN,61512
46.0854,-0.14892,6.01,BTH,60580
46.08744,-0.14879,9.08,ORH,60926
46.09012,-0.15029,1.74,CZH,23176
46.10031,-0.15287,5.67,BTH,57153
46.10961,-0.15334,0.67,BTH,6753
46.10836,-0.15239,3.54,TRN,30975
46.11102,-0.15322,1.51,TRN,13212
46.0952,-0.15188,26.35,BTH,265608
46.10213,-0.15183,1.7,BTH,17136
46.10762,-0.15238,0.17,BTH,1713
46.10915,-0.15128,1.45,TRN,12687
46.1128,-0.16308,2.74,BTH,27619
46.11832,-0.16348,2.02,BTH,20361
46.11578,-0.16319,5.67,BTH,57153
46.12078,-0.16352,1.18,MIE,12590
46.124,-0.16474,1.15,MIS,12270
46.12474,-0.16423,1.51,TRN,13212
46.12756,-0.16442,1.2,MIS,12804
46.12574,-0.16383,1.67,MIE,17818
46.12872,-0.16414,1.2,MIS,12804
46.11814,-0.16236,3.18,BTH,32054
46.11896,-0.16273,0.63,MIS,6722
46.12512,-0.16326,0.61,MIS,6508
46.12934,-0.16368,1.13,MIS,12057
46.12626,-0.16219,3.94,MIS,42039
46.12493,-0.16166,0.98,MIS,10456
46.14782,-0.16568,0.61,BTH,6148
46.1306,-0.16261,2.02,BTH,20361
46.13674,-0.16435,8.63,BTH,86990
46.13275,-0.16247,2.42,BTH,24393
46.13374,-0.1621,1.03,BTH,10382
46.14354,-0.16449,6.62,MIS,70635
46.13972,-0.16385,2.92,BTH,29433
46.14484,-0.16325,4.05,MIS,43213
46.11798,-0.16033,3.5,BTH,35279
46.11454,-0.15985,3.59,BTH,36187
46.12497,-0.16101,0.93,MIE,9923
46.12796,-0.16121,3.64,MIS,38838
46.12094,-0.15995,4.06,MIS,43320
46.12208,-0.15974,4.19,MIS,44707
46.12464,-0.16035,1.69,TRN,14787
46.1168,-0.15931,4.41,BTH,44452
46.11346,-0.15829,1.89,TRN,16537
46.11857,-0.15826,1.61,MIS,17178
46.12316,-0.15906,1.68,BTH,16934
46.13032,-0.16048,2.8,BTH,28224
46.14225,-0.16121,6.51,MIS,69461
46.13534,-0.15867,3.84,BTH,38707
46.14458,-0.15996,5.04,BTH,50803
46.23464,-0.18098,5.98,TRN,52325
46.14988,-0.16617,1.61,CZH,21445
46.1534,-0.16643,13.56,CZH,180619
46.1571,-0.16594,5.96,CZH,79387
46.1589,-0.16638,5.18,SOG,51385
46.15966,-0.1674,2.41,BTH,24292
46.16004,-0.16764,2.22,MIE,23687
46.16041,-0.16687,1.32,BTH,13305
46.16118,-0.16558,4.05,BTH,40824
46.16174,-0.16643,4.05,BTH,40824
46.15793,-0.16633,2.88,MIE,30729
46.14911,-0.16306,8.22,TRN,71925
46.16466,-0.16571,4.03,MIE,43000
46.16602,-0.16607,5.98,MIE,63806
46.1806,-0.16652,2.47,MLG,7904
46.15164,-0.16244,2.75,BTH,27720
46.15282,-0.16285,6.25,BTH,62999
46.14954,-0.16129,1.1,MIS,11737
46.16361,-0.16086,5.82,BTH,58665
46.16811,-0.16356,0.76,BTH,7660
46.1755,-0.16311,0.93,MIS,9923
46.18238,-0.1641,3.42,MLG,10944
46.16729,-0.16177,3.7,BTH,37296
46.16981,-0.1621,2.91,ORH,19526
46.18092,-0.16278,5.0,TRN,43750
46.1834,-0.16215,1.92,MIE,20486
46.1197,-0.1575,0.64,MIE,6828
46.12007,-0.15658,0.64,MIS,6828
46.13004,-0.15867,2.41,MIE,25714
46.12904,-0.15773,6.96,MIS,74263
46.12704,-0.15735,2.56,TRN,22400
46.11244,-0.15463,2.41,BTH,24292
46.11458,-0.15563,8.12,MIS,86640
46.11986,-0.15494,0.85,MIE,9069
46.1373,-0.15785,5.33,BTH,53726
47.4338,-0.38048,1.13,MIS,12057
46.1241,-0.15538,1.6,TRN,14000
46.13048,-0.15537,1.24,BTH,12499
46.13472,-0.15798,2.06,BTH,20764
46.14062,-0.15888,16.59,BTH,167227
46.14744,-0.15925,19.01,MIS,202836
46.13398,-0.15723,1.54,BTH,15523
46.14428,-0.157,5.48,TRN,47950
46.14329,-0.15635,1.31,CZH,17449
46.17461,-0.1554,1.48,BTH,14918
46.12789,-0.15417,8.56,MIS,91335
46.12018,-0.1513,1.48,MIE,15791
46.12413,-0.15253,2.38,MIS,25394
46.12974,-0.15324,2.82,BTH,28425
46.13976,-0.1557,10.29,BTH,103723
46.13752,-0.15227,15.64,TRN,136850
46.14475,-0.15437,5.86,MIE,62526
46.14798,-0.15565,17.74,MIS,189285
46.1614,-0.16183,2.45,ORH,16439
46.16223,-0.16037,2.93,BTH,29534
46.16117,-0.15883,3.28,BTH,33062
46.16547,-0.16112,2.25,BTH,22680
46.15917,-0.15878,15.21,BTH,153316
46.16413,-0.1592,1.75,BTH,17639
46.15338,-0.15944,15.19,BTH,153115
46.1504,-0.15697,4.29,BTH,43243
46.16654,-0.15901,6.37,BTH,64209
46.17072,-0.16119,2.45,BTH,24696
46.1765,-0.1605,1.4,BTH,14111
46.17462,-0.15992,1.14,BTH,11491
46.16745,-0.15632,4.8,BTH,48384
46.16844,-0.15787,4.5,BTH,45359
46.17278,-0.15824,13.04,TRN,114100
46.1833,-0.15995,3.82,TRN,33425
46.17202,-0.15448,10.24,BTH,103219
46.18472,-0.15883,3.46,SOG,34323
46.18285,-0.15827,2.46,MIE,26248
46.15756,-0.1556,6.33,BTH,63806
46.15805,-0.15537,3.11,MIE,33183
46.16126,-0.15654,5.0,BTH,50400
46.16497,-0.15691,8.5,BTH,85679
46.15998,-0.15392,6.23,BTH,62798
46.16406,-0.15387,8.12,MIE,86640
46.16939,-0.15836,5.0,BTH,50400
46.1698,-0.1579,0.5,BTH,5040
46.17128,-0.15696,1.95,TTH,16926
46.19668,-0.18162,0.66,TRN,5775
46.19612,-0.18114,0.34,TRN,2975
46.19506,-0.18055,0.66,BTH,6652
46.19021,-0.17879,12.93,BTH,130334
46.19784,-0.18052,4.99,TRN,43662
46.20298,-0.18075,2.58,MIS,27528
46.19968,-0.17971,4.77,BTH,48081
46.21099,-0.18169,0.85,BTH,8568
46.21662,-0.18182,6.94,BTH,69955
46.2214,-0.18187,6.24,BTH,62899
46.2039,-0.18059,1.33,ORH,8924
46.19132,-0.17145,3.82,BTH,38505
46.21144,-0.1803,3.15,BTH,31752
46.22027,-0.18095,0.99,CZH,13186
46.21961,-0.18082,1.17,CZH,15584
46.1935,-0.17904,1.88,ORH,12614
46.19674,-0.17914,0.35,BTH,3527
46.19564,-0.17866,4.16,BTH,41932
46.18719,-0.17635,9.61,MIE,102538
46.19554,-0.17697,2.17,BTH,21873
46.19831,-0.17694,6.71,BTH,67636
46.20316,-0.17716,1.63,BTH,16430
46.20166,-0.17673,3.81,ORH,25565
46.2047,-0.17842,4.09,MCR,40572
46.21295,-0.18011,7.27,TRN,63612
46.21502,-0.1801,2.93,TRN,25637
46.2191,-0.1785,7.96,BTH,80236
46.21672,-0.17759,9.58,TRN,83825
46.2146,-0.17664,3.35,BTH,33768
46.2183,-0.1777,0.73,CZH,9723
46.22202,-0.17765,5.94,MIS,63379
46.22712,-0.18287,1.6,BTH,16128
46.2305,-0.18289,5.46,CZH,72727
46.23743,-0.18454,4.56,BTH,45964
46.2329,-0.18255,10.01,BTH,100900
46.22228,-0.18141,0.77,BTH,7761
46.22328,-0.1811,1.88,BTH,18950
46.23824,-0.18267,4.43,BTH,44654
46.24956,-0.18541,1.98,BTH,19958
46.2482,-0.18371,9.22,ORH,61866
46.25804,-0.18491,0.65,CZH,8658
46.2588,-0.18528,1.62,CZH,21578
46.24534,-0.18194,14.82,TRN,129675
46.2563,-0.18365,4.59,CZH,61138
46.25386,-0.18251,3.3,CZH,43955
46.22522,-0.18018,5.91,BTH,59572
46.22325,-0.17897,5.03,BTH,50702
46.22889,-0.18001,14.96,BTH,150796
46.2362,-0.18125,6.28,BTH,63302
46.2323,-0.1797,3.29,BTH,33163
46.24044,-0.18062,5.17,TRN,45237
46.22697,-0.17836,3.4,BTH,34272
46.23662,-0.17824,2.77,CZH,36896
46.2324,-0.17837,5.62,MIS,59965
46.23932,-0.17937,2.05,BTH,20664
46.2549,-0.18115,2.23,BTH,22478
46.243,-0.17963,4.74,BTH,47779
46.25266,-0.18059,0.6,MIS,6402
46.25874,-0.17936,5.36,BTH,54028
46.257,-0.17906,11.82,BTH,119145
46.19359,-0.17615,11.62,BTH,117129
46.18759,-0.17413,10.48,BTH,105638
46.20064,-0.17496,6.65,TRN,58187
46.18999,-0.17124,6.41,TRN,56087
46.19359,-0.17303,7.17,CZH,95504
46.19705,-0.17425,8.32,MIS,88774
46.20082,-0.17341,0.44,TRN,3850
46.20297,-0.17335,3.11,CZH,41425
46.20308,-0.17262,2.5,TRN,21875
46.20614,-0.17518,1.42,MCR,14086
46.21551,-0.17632,1.33,TRN,11637
46.21482,-0.17519,1.23,MIS,13124
46.22118,-0.17652,4.52,CZH,60206
46.21014,-0.17428,0.72,BTH,7257
46.20461,-0.17313,2.15,BTH,21672
46.21156,-0.17368,1.92,BTH,19353
46.21274,-0.17423,2.6,BTH,26208
46.21371,-0.1742,1.19,BTH,11995
46.21674,-0.17402,3.07,MIS,32756
46.19392,-0.16983,5.63,BTH,56750
46.20116,-0.17197,1.84,TRN,16100
46.20211,-0.17229,2.51,BTH,25300
46.20164,-0.17246,0.75,SOG,7440
46.19962,-0.17175,3.44,BTH,34675
46.19842,-0.17094,8.56,BTH,86284
46.20077,-0.17138,1.22,TRN,10674
46.20063,-0.16952,1.21,ORH,8119
46.21132,-0.17264,4.06,BTH,40924
46.21519,-0.17344,6.1,BDH,61488
46.21832,-0.17274,17.4,CZH,231768
46.22147,-0.17295,3.94,TRN,34475
46.2097,-0.17069,5.36,BTH,54028
46.21155,-0.16975,4.33,BTH,43646
46.21399,-0.17086,5.7,TRN,49875
46.2169,-0.17093,2.99,MIS,31903
46.22152,-0.17105,1.92,TRN,16800
46.22466,-0.17668,2.02,TRN,17675
46.22948,-0.17652,2.76,BTH,27820
46.22684,-0.17653,4.56,BTH,45964
46.23097,-0.17675,2.58,BTH,26006
46.23795,-0.17791,7.74,TRN,67725
46.22448,-0.17519,4.63,TRN,40512
46.22664,-0.17521,1.81,TRN,15837
46.2266,-0.17434,1.87,MIS,19952
46.23445,-0.17585,6.03,CZH,80319
46.24486,-0.1766,7.77,BTH,78321
46.25386,-0.17862,3.74,BTH,37699
46.24144,-0.17656,8.22,CZH,109490
46.24636,-0.17704,1.53,BTH,15422
46.25296,-0.17748,3.77,MIS,40225
46.25184,-0.17573,5.39,TRN,47162
46.22864,-0.17348,9.14,TRN,79975
46.22433,-0.17275,3.46,TRN,30275
46.23546,-0.17379,16.79,BTH,169243
46.2391,-0.1731,20.1,BTH,202608
46.22635,-0.17233,4.89,TRN,42787
46.23144,-0.17163,18.51,MIS,197501
46.24446,-0.17309,9.13,MIE,97417
46.25111,-0.17308,4.15,MIE,44280
46.25632,-0.17362,5.31,BTH,53524
46.28701,-0.18737,1.85,BTH,18648
46.27156,-0.18665,0.09,FLA,1799
46.27056,-0.18538,1.7,BTH,17136
46.2669,-0.18327,0.07,FLA,1400
46.2718,-0.18451,4.49,ORP,30127
46.27001,-0.18355,4.53,CZH,60339
46.2736,-0.18364,2.15,MIE,22940
46.28352,-0.18658,1.38,TTH,11978
46.28075,-0.18535,2.8,BTH,28224
46.28178,-0.18452,1.31,BTH,13204
46.28506,-0.18523,1.15,TTH,9982
46.28746,-0.18479,9.45,TTH,82026
46.2715,-0.18067,0.43,CZH,5727
46.26162,-0.18145,5.26,MIE,56124
46.27276,-0.18239,1.28,MIS,13657
46.26772,-0.18168,7.24,MIE,77250
46.27421,-0.18098,1.8,MIE,19206
46.28526,-0.18262,1.55,TRN,13562
46.28599,-0.18208,1.09,MIE,11630
46.28669,-0.18231,1.54,TTH,13367
46.31418,-0.18806,11.7,CZH,155844
46.31073,-0.18751,3.77,MLG,12064
46.26862,-0.16557,0.42,BTH,4233
46.3072,-0.18603,2.34,TTH,20311
46.31848,-0.18898,6.55,BTH,66023
46.31672,-0.18844,5.0,MIE,53350
46.32272,-0.18958,4.91,MIE,52389
46.32045,-0.18755,8.54,BTH,86083
46.31362,-0.18475,4.1,MIS,43747
46.31097,-0.1838,1.56,TTH,13540
46.26984,-0.17505,0.04,PTC,470
46.31686,-0.18555,2.99,BTH,30139
46.31744,-0.18339,2.45,MIE,26141
46.26958,-0.17929,8.26,TRN,72274
46.27072,-0.17956,1.15,BTH,11591
46.27416,-0.17957,2.4,BTH,24192
46.27716,-0.17866,2.64,BTH,26611
46.26552,-0.17677,3.76,CZH,50083
46.27296,-0.17714,2.02,BTH,20361
46.27927,-0.17992,1.51,BTH,15220
46.27849,-0.17808,0.92,BTH,9273
46.28028,-0.17771,4.81,BTH,48484
46.26674,-0.1754,2.14,CZH,28504
46.26494,-0.17387,4.49,BTH,45259
46.27205,-0.17528,3.32,CZH,44222
46.27705,-0.17365,0.97,MIE,10349
46.28126,-0.17699,1.45,CZH,19314
46.2789,-0.17613,6.25,BTH,62999
46.28214,-0.17583,1.5,CZH,19980
46.29446,-0.17777,0.77,MLG,2464
46.2807,-0.17553,1.73,BTH,17438
46.27786,-0.17472,2.43,ORP,16305
46.29268,-0.17606,5.02,MLG,16064
46.30938,-0.18233,6.89,MIS,73516
46.31454,-0.1815,15.37,MIS,163997
46.3174,-0.18122,3.42,CZH,45554
46.31912,-0.18152,4.08,BTH,41126
46.31691,-0.17738,1.44,MIE,15364
46.31418,-0.178,6.2,BTH,62495
46.31127,-0.17783,5.77,BTH,58161
46.30714,-0.17663,3.68,MIS,39265
46.31079,-0.17568,5.37,BTH,54129
46.31746,-0.17904,4.79,MIE,51109
46.31975,-0.17693,5.54,BTH,55843
46.19107,-0.16944,8.15,TRN,71312
46.19002,-0.16728,11.25,BTH,113400
46.20284,-0.16955,1.77,MIS,18885
46.19992,-0.16877,1.1,ORH,7381
46.20422,-0.16924,1.79,BTH,18043
46.20238,-0.16847,6.47,BTH,65217
46.19476,-0.1667,9.0,BTH,90720
46.22123,-0.16711,0.56,ORH,3757
46.2042,-0.16649,4.8,BTH,48384
46.21672,-0.16923,3.78,BDH,38102
46.21598,-0.16926,1.95,BDH,19656
46.2145,-0.16796,5.07,BTH,51105
46.19044,-0.16504,4.3,BTH,43344
46.19574,-0.16533,4.26,BTH,42940
46.19946,-0.16559,9.03,MIE,96350
46.19653,-0.16423,3.46,MIE,36918
46.20064,-0.16506,7.71,TRN,67462
46.19728,-0.16401,3.0,MIE,32010
46.19782,-0.16313,2.18,MIE,23260
46.21569,-0.16395,3.46,CZH,46087
46.22682,-0.16962,7.55,BTH,76104
46.22296,-0.1674,19.58,CZH,260805
46.22539,-0.1673,3.41,MIE,36384
46.232,-0.16855,7.45,TRN,65187
46.23784,-0.16879,2.54,BTH,25603
46.23539,-0.16818,13.01,CZH,173293
46.24236,-0.1705,10.46,MIS,111608
46.24908,-0.17146,1.72,MIS,18352
46.24433,-0.17125,1.97,BTH,19857
46.24596,-0.16913,9.47,BTH,95457
46.25004,-0.16938,3.22,MIS,34357
46.23766,-0.16691,4.18,BTH,42134
46.23676,-0.16654,1.81,BTH,18244
46.22458,-0.16468,1.06,MCR,10515
46.23314,-0.16543,1.82,TRN,15924
46.2368,-0.16482,0.78,BTH,7862
46.2416,-0.16706,7.63,TRN,66762
46.25192,-0.16833,3.29,MIE,35104
46.25804,-0.16816,1.93,BTH,19454
46.24374,-0.16571,10.15,BTH,102312
46.2494,-0.16661,1.96,MCR,19443
46.24613,-0.16564,3.27,MCR,32438
46.25445,-0.16757,0.84,MCR,8332
46.25852,-0.16636,0.64,BTH,6451
47.43018,-0.37948,0.14,MIS,1493
46.20341,-0.16275,7.16,MIS,76397
46.19856,-0.16157,8.86,CZH,118015
46.18715,-0.16014,5.96,MIE,63593
46.2038,-0.16065,5.79,BTH,58363
46.20606,-0.16236,1.3,BTH,13104
46.20672,-0.16164,0.89,MIS,9496
46.21824,-0.16383,2.73,CZH,36363
46.20706,-0.16084,0.9,MIS,9603
46.21296,-0.16076,0.79,TRN,6912
46.21673,-0.16127,6.75,CZH,89910
46.18609,-0.1577,8.38,BTH,84470
46.1886,-0.15724,3.9,TRN,34125
46.18946,-0.15707,0.82,TRN,7174
46.18925,-0.15568,5.0,BTH,50400
46.19218,-0.15638,0.83,VRC,6971
46.2019,-0.15599,20.19,MIS,215427
46.20542,-0.15877,1.65,BTH,16631
46.20978,-0.15849,4.41,MIS,47054
46.21958,-0.16027,7.03,CZH,93639
46.21264,-0.15804,10.43,TRN,91262
46.23464,-0.16416,1.27,BTH,12801
46.23739,-0.16433,0.38,MIS,4054
46.2339,-0.16319,3.03,BTH,30542
46.23102,-0.1616,3.6,TRN,31500
46.23612,-0.16278,1.58,MIS,16858
46.23328,-0.16161,1.22,BTH,12297
46.24244,-0.16368,1.06,BTH,10684
46.25823,-0.16549,0.91,BTH,9172
46.2429,-0.16203,1.76,BTH,17740
46.24713,-0.16289,16.55,TRN,144812
46.25902,-0.16434,0.41,MIS,4374
46.25944,-0.16364,0.69,MIS,7362
46.23815,-0.16005,5.3,BTH,53423
46.24034,-0.15866,3.64,BTH,36691
46.24414,-0.16099,13.37,BTH,134769
46.27198,-0.16819,3.15,MIS,33610
46.25426,-0.16165,8.33,TRN,72887
46.25765,-0.16194,1.18,TRN,10325
46.25932,-0.16229,1.68,MIS,17925
46.25647,-0.16105,0.9,BTH,9072
46.24206,-0.15961,2.58,BTH,26006
46.24968,-0.16031,2.35,BTH,23688
46.25992,-0.16091,1.54,TRN,13475
46.25724,-0.16035,1.0,TRN,8750
46.25366,-0.15943,2.52,BTH,25401
46.25651,-0.15988,0.87,MIE,9282
46.26398,-0.1722,1.8,BTH,18144
46.2655,-0.16678,0.18,BTH,1814
46.26736,-0.16718,6.41,BTH,64612
46.27801,-0.17207,0.47,BTH,4737
46.2687,-0.17066,13.88,BTH,139910
46.27808,-0.17281,1.34,ORP,8991
46.2658,-0.16898,1.0,BTH,10080
46.2596,-0.16858,2.13,BTH,21470
46.26018,-0.16817,1.1,BTH,11088
46.27761,-0.17003,1.74,BTH,17539
46.27764,-0.16817,0.43,MIS,4588
46.29534,-0.16868,1.89,MCR,18748
46.30422,-0.17396,5.19,TRN,45412
46.3132,-0.17522,4.47,BTH,45057
46.30976,-0.17377,10.38,BTH,104630
46.31706,-0.17544,2.5,BTH,25200
46.33246,-0.17655,3.6,SOG,35712
46.3123,-0.17238,2.1,MIS,22407
46.30844,-0.17102,0.55,MIS,5868
46.30888,-0.171,1.74,TRN,15224
46.31338,-0.17017,3.51,BTH,35380
46.31522,-0.17167,12.17,BTH,122673
46.32338,-0.17162,6.93,ORP,46500
46.31714,-0.16943,2.71,TTH,23522
46.32659,-0.17053,2.97,BTH,29937
46.26495,-0.16514,0.65,BTH,6552
46.26896,-0.16582,0.69,BTH,6955
46.27084,-0.16544,14.17,MIS,151193
46.27376,-0.16625,3.03,MIS,32330
46.27538,-0.16575,3.7,MIS,39479
46.26306,-0.16449,2.59,BTH,26107
46.2665,-0.16451,3.13,BTH,31550
46.26161,-0.16302,4.87,BTH,49089
46.2653,-0.16345,2.43,BTH,24494
46.27647,-0.1648,3.1,BTH,31248
46.2713,-0.1632,0.74,MIS,7895
46.26763,-0.16186,5.67,BTH,57153
46.2636,-0.16039,1.36,MIS,14511
46.27894,-0.16386,2.14,BTH,21571
46.29346,-0.16643,3.46,MLG,11072
46.29558,-0.16611,3.97,MIS,42359
46.26334,-0.16251,1.2,BTH,12096
46.26043,-0.16235,0.6,MIS,6402
46.26579,-0.16177,1.4,BTH,14111
46.27433,-0.16337,4.12,BTH,41529
46.27804,-0.16291,2.64,MIS,28168
46.27686,-0.16281,1.08,MIS,11523
46.2655,-0.16037,6.68,MIS,71275
46.27784,-0.16147,2.5,MIS,26675
46.28122,-0.16289,15.7,BTH,158255
46.28293,-0.16178,4.94,BTH,49795
46.29417,-0.1631,3.46,TRN,30275
46.29274,-0.16155,1.81,MIS,19312
46.31605,-0.16728,5.72,MIE,61032
46.31853,-0.16648,3.39,MIE,36171
46.32266,-0.16704,5.18,MCR,51385
46.32116,-0.16611,4.82,TRN,42175
46.32482,-0.16711,4.15,SOG,41168
46.32797,-0.16783,4.78,BTH,48182
46.32597,-0.16658,3.97,MCR,39382
46.29671,-0.16435,1.6,MIS,17072
46.03952,-0.14526,1.65,TRN,14437
46.04381,-0.14616,1.82,MIS,19419
46.04325,-0.1457,1.27,MIS,13550
46.29722,-0.16281,1.04,BTH,10483
46.31126,-0.16485,22.9,TTH,198772
46.3153,-0.16573,14.03,TTH,121780
46.32336,-0.16384,7.69,MCR,76284
46.3281,-0.16431,6.59,TRN,57662
47.38653,-0.37313,0.09,BTH,907
46.05566,-0.14737,4.95,BTH,49896
46.04878,-0.14605,6.76,BTH,68140
46.0516,-0.14625,3.35,CZH,44622
46.05467,-0.14581,6.59,BTH,66427
46.04548,-0.14482,1.12,BTH,11289
46.03974,-0.14366,1.87,BTH,18849
46.05524,-0.14511,0.93,BTH,9374
46.04818,-0.14424,3.04,MIS,32436
46.05818,-0.14695,3.78,BTH,38102
46.0626,-0.14871,17.16,BTH,172972
46.0663,-0.14751,8.98,BTH,90518
46.0715,-0.14754,4.04,BTH,40723
46.07294,-0.14725,2.15,ORH,14426
46.05837,-0.14506,5.18,BTH,52214
46.06898,-0.1466,5.04,MCR,49996
46.07496,-0.14689,7.51,ORH,50392
46.06616,-0.14546,0.99,CZH,13186
46.04218,-0.14247,2.15,TRN,18812
46.0452,-0.14197,2.37,BTH,23889
46.04786,-0.14279,0.63,MIS,6722
46.05148,-0.1436,0.98,MIS,10456
46.05174,-0.14347,0.34,MIS,3627
46.0522,-0.14326,1.51,SOG,14979
46.04867,-0.14233,1.6,TRN,14000
46.03979,-0.14102,8.0,ORH,53680
46.0668,-0.14278,1.8,BTH,18144
46.0667,-0.14188,0.91,BTH,9172
46.04416,-0.14015,10.12,ORH,67905
46.04683,-0.14032,11.74,TRN,102725
46.04914,-0.14229,0.4,MIS,4268
46.0495,-0.1422,0.54,SOG,5356
46.05065,-0.14084,3.19,BTH,32155
46.05357,-0.14162,5.04,SOG,49996
46.05846,-0.14345,1.5,BTH,15120
46.06205,-0.1435,4.71,BTH,47476
46.07124,-0.14426,5.71,MCR,56643
46.05863,-0.14218,4.35,BTH,43847
46.06399,-0.14239,4.64,TRN,40600
46.05822,-0.14095,0.94,ORP,6307
46.06597,-0.14209,3.16,ORH,21203
46.06826,-0.14168,2.61,CZH,34765
46.08246,-0.14911,4.54,BTH,45763
46.09048,-0.14953,2.47,TRN,21612
46.07984,-0.14744,9.2,TRN,80500
46.08357,-0.14786,4.25,BTH,42839
46.09216,-0.14756,3.19,CZH,42490
46.09099,-0.14702,4.77,BTH,48081
46.09308,-0.14735,1.96,CZH,26107
46.09916,-0.14723,17.64,ORH,118364
46.10416,-0.1495,3.39,CZH,45154
46.11004,-0.14954,2.34,TRN,20475
46.09698,-0.14726,0.5,MIS,5335
46.10484,-0.14799,4.16,BTH,41932
46.0779,-0.14569,21.47,CZH,285980
46.08738,-0.14696,9.57,TRN,83737
46.09059,-0.14525,4.0,ORH,26840
46.08372,-0.14307,2.64,TRN,23100
46.08666,-0.14349,6.26,ORH,42004
46.09243,-0.14436,3.27,CZH,43556
46.08874,-0.14278,0.95,ORH,6374
46.09763,-0.14422,17.27,CZH,230036
46.10209,-0.14639,3.2,BTH,32256
46.1084,-0.14666,5.31,TRN,46462
46.1031,-0.14487,10.54,MIE,112461
46.09478,-0.14379,2.44,CZH,32500
46.10961,-0.14553,5.5,TRN,48125
46.10674,-0.14381,8.65,TRN,75687
46.04164,-0.14036,1.67,ORH,11205
46.04162,-0.1383,5.38,BDH,54230
46.04848,-0.14023,2.43,MIS,25928
46.05024,-0.1392,2.3,BTH,23184
46.03933,-0.13721,3.85,ORH,25833
46.05112,-0.13847,1.67,BTH,16833
46.05316,-0.13835,4.53,TRN,39637
46.05466,-0.13783,0.98,TRN,8575
46.07074,-0.14039,2.15,CZH,28638
46.07287,-0.14093,1.22,BTH,12297
46.05932,-0.13836,9.64,BTH,97171
46.06119,-0.13884,3.76,BTH,37900
46.0671,-0.139,6.18,BTH,62294
46.07082,-0.1386,1.05,BTH,10584
46.04087,-0.13622,6.59,ORH,44218
46.04623,-0.13611,1.64,BTH,16531
46.05598,-0.13723,0.93,BTH,9374
46.05206,-0.13573,4.86,BTH,48988
46.05048,-0.13514,6.08,BTH,61286
46.05336,-0.13571,5.56,MIS,59325
46.04852,-0.13409,7.85,BTH,79127
46.05576,-0.13456,5.86,TRN,51275
46.05808,-0.13737,1.79,CZH,23842
46.0634,-0.13815,4.17,BTH,42033
46.06498,-0.13702,10.77,BTH,108561
46.0738,-0.13805,7.33,TRN,64137
46.073,-0.13725,0.45,TRN,3937
46.07588,-0.13715,3.25,TRN,28437
46.05985,-0.13513,6.67,CZH,88844
46.07101,-0.13606,4.04,TRN,35350
46.06744,-0.13538,6.16,TRN,53900
46.09296,-0.14194,14.04,BTH,141523
46.08752,-0.1418,6.7,CZH,89244
46.0781,-0.13942,5.76,ORH,38649
46.08144,-0.14006,0.37,ORP,2482
46.0839,-0.14069,1.76,ORH,11809
46.08214,-0.13951,1.17,ORH,7850
46.09783,-0.14242,3.9,BTH,39312
46.10825,-0.14219,2.44,BTH,24595
46.09556,-0.14062,8.81,MIE,94002
46.1011,-0.14138,3.24,ORH,21740
46.1059,-0.14115,0.65,TRN,5687
46.10634,-0.14086,0.07,TRN,612
46.0773,-0.13814,2.47,TRN,21612
46.08975,-0.13638,14.68,BTH,147974
46.09417,-0.1376,4.01,ORH,26907
46.09318,-0.13832,3.22,TRN,28175
46.0919,-0.13674,2.3,TRN,20125
46.0855,-0.13606,5.51,TRN,48212
46.09962,-0.14007,10.15,MIE,108300
46.09741,-0.13897,5.54,CZH,73792
46.1087,-0.13742,15.83,ORH,106219
46.11109,-0.1379,1.28,MIE,13657
46.12166,-0.15088,0.38,MIE,4054
46.12583,-0.15116,17.35,MIS,185124
46.11501,-0.14908,1.5,MIE,16004
46.12116,-0.14992,0.83,MIS,8856
46.11718,-0.14835,5.03,MIS,53670
46.12004,-0.14861,0.66,MIE,7042
46.12164,-0.14894,1.11,MIS,11843
46.12763,-0.14987,1.0,SOJ,17400
46.1463,-0.15199,2.88,MIS,30729
46.13668,-0.14956,3.48,BTH,35078
46.14264,-0.15034,13.97,ORH,93738
46.1457,-0.15075,4.48,MIS,47801
46.14018,-0.1498,1.54,TRN,13475
46.14898,-0.14975,2.43,BTH,24494
46.11763,-0.14659,1.49,MIS,15898
46.15088,-0.1505,3.15,TRN,27562
46.12616,-0.14685,5.2,BTH,52416
46.11248,-0.1458,3.73,MIS,39799
46.1631,-0.15156,7.56,MIE,80665
46.13819,-0.14816,2.57,BTH,25905
46.14778,-0.14937,1.42,TRN,12424
46.14736,-0.14857,1.7,TRN,14875
46.13247,-0.14681,1.02,ORH,6844
46.14673,-0.14778,3.12,BTH,31449
46.16168,-0.15339,1.71,MIE,18245
46.1614,-0.15265,3.84,MIS,40972
46.15362,-0.15158,8.58,BTH,86486
46.15708,-0.15307,9.69,BTH,97675
46.15886,-0.15077,8.49,MIS,90588
46.18167,-0.15335,0.91,MIE,9709
46.17472,-0.15196,3.68,MIS,39265
46.18342,-0.15306,3.85,BTH,38808
46.15549,-0.14781,10.62,BTN,273040
46.1645,-0.14871,3.31,SOG,32835
46.16391,-0.14762,4.03,ORH,27041
47.38682,-0.37336,0.66,MIS,7042
46.18066,-0.15124,0.68,MIE,7255
46.17993,-0.15088,2.3,MIE,24541
46.18504,-0.15253,16.13,CZH,214851
46.18188,-0.15006,2.39,MIE,25501
46.16932,-0.14909,5.82,BTH,58665
46.17388,-0.14905,1.78,ORH,11943
46.18068,-0.14867,3.38,MIE,36064
46.11858,-0.14371,0.76,MIS,8109
46.1203,-0.14421,5.66,MIS,60392
46.12036,-0.14015,0.99,MIE,10563
46.12649,-0.14437,1.4,ORH,9394
46.11473,-0.14255,2.38,BTH,23990
46.11662,-0.14268,1.17,MIS,12483
46.11315,-0.14147,1.19,MLG,3808
46.11472,-0.14138,2.52,MIS,26888
46.13028,-0.14442,9.52,BTN,244759
46.12744,-0.14269,2.36,BTH,23788
46.13535,-0.14551,0.42,ORH,2818
46.13809,-0.14587,5.66,TRN,49525
46.14551,-0.14623,12.48,BTH,125798
46.13638,-0.14405,2.17,BTH,21873
46.13336,-0.14391,9.5,BTH,95760
46.13928,-0.14251,5.31,CZH,70729
46.11438,-0.14056,0.52,MIS,5548
46.1194,-0.14125,0.99,BTH,9979
46.12078,-0.14133,2.39,MIS,25501
46.11526,-0.14001,1.64,MIE,17498
47.43002,-0.37338,6.42,MIS,68501
46.1266,-0.14142,1.42,BTH,14313
46.11231,-0.13917,5.2,MLG,16640
46.13042,-0.13978,9.59,BTH,96667
46.13728,-0.14216,1.4,TRN,12250
46.14032,-0.14178,9.55,CZH,127206
46.14834,-0.14201,3.7,TRN,32375
46.1333,-0.1392,17.52,ORH,117559
46.13841,-0.13969,0.85,TRN,7437
46.1363,-0.13992,5.28,TRN,46200
46.13761,-0.14007,0.85,BTH,8568
46.13926,-0.13936,6.6,TRN,57750
46.15622,-0.14532,4.33,TRN,37887
46.1591,-0.14656,5.89,CZH,78454
46.15012,-0.14458,9.34,MIS,99657
46.1653,-0.14414,21.86,BTH,220348
46.17211,-0.1479,9.35,BTH,94248
46.16926,-0.14602,6.38,CZH,84981
46.17284,-0.1467,4.11,BTH,41428
46.1738,-0.14636,4.2,ORH,28182
46.17878,-0.14762,1.68,ORH,11272
46.18356,-0.14596,7.21,BTH,72676
46.15357,-0.14312,8.51,BTH,85780
46.15531,-0.14323,1.15,BTH,11591
46.15556,-0.14161,8.56,TRN,74900
46.18527,-0.14428,3.5,MIE,37345
46.16928,-0.14181,11.94,TRN,104475
46.05466,-0.13012,1.96,ORP,13151
47.1795,-0.27464,1.25,VRC,10500
46.17312,-0.14143,22.45,BTH,226296
46.18464,-0.14318,2.63,BTH,26510
46.18395,-0.14167,2.3,SOG,22816
46.04343,-0.1342,5.8,BTH,58463
46.04194,-0.13268,4.38,BTH,44150
46.05322,-0.13309,1.97,BTH,19857
46.0402,-0.13151,6.68,TRN,58449
46.05189,-0.13189,7.15,CZH,95238
46.05542,-0.13167,3.55,BTH,35784
46.05763,-0.13373,4.42,ORH,29658
46.06115,-0.13321,1.87,BTH,18849
46.06292,-0.13291,4.22,BTH,42537
46.0753,-0.13543,5.83,TRN,51012
46.06106,-0.13267,0.93,ORH,6240
46.06805,-0.13121,7.4,BTH,74592
46.06928,-0.13236,1.08,TRN,9450
46.04568,-0.13031,11.32,BDH,114105
46.057,-0.13058,4.7,BTH,47376
46.04008,-0.12807,3.18,TRN,27825
46.04287,-0.12788,3.14,TRN,27475
46.05337,-0.12862,6.59,TRN,57662
46.05682,-0.12827,2.01,BTH,20260
46.06184,-0.13145,4.54,BDH,45763
46.06616,-0.13068,7.8,ORP,52338
46.06396,-0.1307,3.57,BTH,35985
46.05828,-0.12926,3.01,CZH,40093
46.0592,-0.12823,2.24,BDH,22579
46.06922,-0.12997,1.82,BTH,18345
46.07205,-0.12913,16.63,BTH,167630
46.06859,-0.12932,3.19,BTH,32155
46.07999,-0.13549,15.65,CZH,208458
46.0853,-0.1349,1.61,MIS,17178
46.08789,-0.13481,0.71,MIS,7575
46.092,-0.13497,1.3,TRN,11375
46.09396,-0.13515,3.26,BTH,32860
46.09094,-0.1341,5.36,MIS,57191
46.08581,-0.1338,5.71,ORH,38314
46.10248,-0.13649,10.76,BTH,108460
46.09562,-0.13513,4.63,BTH,46670
46.10654,-0.13645,6.04,BTH,60883
46.11223,-0.1361,1.82,MIS,19419
46.0988,-0.1345,4.18,TRN,36574
46.10022,-0.13477,9.64,MIS,102858
46.10435,-0.13538,2.55,BTH,25704
46.11092,-0.13454,4.17,MIE,44493
46.10815,-0.13375,6.13,MIS,65407
46.0765,-0.13164,8.24,ORP,55290
46.08423,-0.13053,1.6,BTH,16128
46.07632,-0.12931,7.1,ORP,47641
46.08854,-0.1307,1.95,BTH,19656
46.08788,-0.13108,2.21,CZH,29437
46.09252,-0.13137,1.35,BTH,13608
46.09667,-0.13238,2.9,BTH,29232
46.09992,-0.13223,1.55,MIS,16538
46.10314,-0.13226,4.04,BTH,40723
46.10601,-0.13274,5.0,MIS,53350
46.10449,-0.13236,3.13,BTH,31550
46.10986,-0.13312,1.34,MIS,14297
46.09798,-0.13126,0.7,BTH,7055
46.1014,-0.13082,5.07,TRN,44362
46.0995,-0.13056,1.57,BTH,15825
46.1074,-0.13173,0.82,MIS,8749
46.11084,-0.1327,1.66,MIS,17712
46.11239,-0.13179,3.58,MIS,38198
46.10552,-0.13087,2.62,MIE,27955
46.11002,-0.13182,1.09,MIE,11630
46.10922,-0.13095,1.37,BTH,13809
46.04202,-0.12724,2.45,TRN,21437
46.04094,-0.12582,2.64,BTH,26611
46.04722,-0.12624,4.17,ORH,27980
46.04978,-0.12675,0.9,ORH,6039
46.0527,-0.12775,2.33,ORH,15634
46.05707,-0.1272,0.9,BTH,9072
46.05694,-0.12651,1.49,CZH,19846
46.04846,-0.12564,3.26,ORH,21874
46.05575,-0.12538,5.96,TRN,52150
46.06411,-0.12746,1.17,BTH,11793
46.06224,-0.12703,6.05,BTH,60984
46.06116,-0.12653,4.5,BTH,45359
46.05827,-0.12686,1.32,BTH,13305
46.06919,-0.12794,1.56,ORH,10467
46.05954,-0.12568,1.47,BDH,14817
46.06348,-0.12665,2.56,BTH,25804
46.06067,-0.1251,1.33,ORP,8924
46.06472,-0.12633,6.52,CZH,86846
46.06587,-0.12512,5.49,CZH,73126
46.07022,-0.12647,8.26,ORH,55424
46.04474,-0.12304,1.28,BTH,12902
46.04632,-0.12316,1.27,BTH,12801
46.04686,-0.12229,1.32,TRN,11550
46.04838,-0.1224,2.22,ORH,14896
46.05024,-0.12306,0.76,BTH,7660
46.04498,-0.12082,2.32,CZH,30902
46.05472,-0.12273,1.33,ORH,8924
46.04958,-0.12099,3.28,CZH,43689
46.05928,-0.12442,0.33,MLG,1056
46.06694,-0.12396,4.77,ORP,32006
46.07318,-0.12332,22.42,TRN,196175
46.08428,-0.12888,0.77,BTH,7761
46.08028,-0.12824,3.41,BTH,34372
46.07725,-0.12747,6.97,BDH,70257
46.0827,-0.12761,2.98,ORH,19995
46.09301,-0.12883,4.93,BTH,49694
46.086,-0.12824,0.63,ORP,4227
46.09166,-0.12886,2.74,TRN,23975
46.09102,-0.12823,2.77,BTH,27921
46.08519,-0.12772,2.05,CZH,27306
46.0924,-0.12781,0.15,VRC,1259
46.09602,-0.13051,5.34,BTH,53827
46.10066,-0.12952,0.29,MIS,3094
46.09878,-0.1295,4.75,MIS,50682
46.10232,-0.12951,4.14,CZH,55144
46.10702,-0.13021,1.28,MIS,13657
46.10558,-0.12983,2.67,MIS,28488
46.09461,-0.12797,1.68,BTH,16934
46.09741,-0.1273,12.8,BTH,129024
46.10472,-0.1284,4.13,MIS,44067
46.10812,-0.12856,2.99,MIS,31903
46.08264,-0.12554,22.0,CZH,293040
46.0885,-0.12592,13.3,ORH,89243
46.09099,-0.12622,15.77,TRN,137987
46.08612,-0.12411,7.82,BTH,78825
46.09477,-0.12625,5.51,BTH,55540
46.1075,-0.12674,2.48,MIS,26461
46.11001,-0.12746,0.87,MIS,9282
46.0976,-0.12421,4.57,CZH,60872
46.10351,-0.12416,4.05,MIS,43213
46.10464,-0.12489,2.28,MIS,24327
46.10715,-0.12563,2.93,MIS,31263
46.11708,-0.13732,1.1,MIE,11737
46.11662,-0.13628,0.78,ORH,5233
46.11319,-0.13519,3.38,TRN,29575
46.11561,-0.13474,0.97,MIS,10349
46.12781,-0.13511,4.98,BTH,50198
46.14274,-0.13724,10.05,TRN,87937
46.14758,-0.13931,9.29,BTH,93643
46.13533,-0.13649,13.43,BTH,135374
46.14238,-0.13434,8.06,BTH,81244
46.13817,-0.13865,6.78,BTH,68342
46.14404,-0.13667,2.59,BTH,26107
46.11294,-0.13382,2.15,MIS,22940
46.11956,-0.13319,1.13,MIS,12057
46.12896,-0.13413,13.86,BTH,139708
46.11544,-0.13241,0.93,MIS,9923
46.14568,-0.13561,3.01,BTH,30340
46.14912,-0.13562,4.37,BTN,112352
46.13142,-0.1339,6.47,BTH,65217
46.13676,-0.13257,8.11,ORH,54418
46.14068,-0.13272,4.26,ORH,28584
46.14608,-0.13468,5.51,TRN,48212
46.14711,-0.13331,3.9,ORH,26169
46.14861,-0.13388,1.75,TRN,15312
46.15124,-0.13892,15.85,TRN,138687
46.16164,-0.14108,52.62,MIS,561455
46.16684,-0.14088,8.35,TRN,73062
46.15388,-0.13856,7.84,BTH,79027
46.15634,-0.13755,8.59,BTN,220848
46.1501,-0.13754,1.37,MLG,4384
46.16748,-0.13847,0.29,MIS,3094
46.17848,-0.13874,1.18,BTH,11894
46.18234,-0.12854,4.31,SOJ,74994
46.16788,-0.13698,8.14,MIE,86853
46.15352,-0.13334,10.09,MIS,107660
46.16523,-0.13574,19.2,CZH,255744
46.17356,-0.1366,5.14,TRN,44975
46.17061,-0.13483,14.58,MIS,155568
46.1843,-0.13644,2.51,ORH,16842
46.11416,-0.13038,1.96,MIS,20913
47.18126,-0.27415,2.8,CZH,37296
46.11972,-0.131,1.49,MIS,15898
46.11336,-0.12999,0.43,MIS,4588
46.11778,-0.13019,0.33,MIS,3521
46.11764,-0.12973,0.89,MIS,9496
46.12658,-0.13075,3.89,BTH,39211
46.11678,-0.12847,2.27,MIS,24220
46.12898,-0.12917,7.17,CZH,95504
46.13208,-0.13038,12.89,BTH,129931
46.13922,-0.1305,5.58,BTH,56246
46.14757,-0.1313,5.57,CZH,74192
46.13204,-0.12707,6.0,BTH,60480
46.14442,-0.13105,8.2,TRN,71750
46.32272,-0.1586,2.84,BTH,28627
46.14936,-0.13081,4.18,BTN,107467
46.11663,-0.12697,0.55,MIS,5868
46.11786,-0.12706,1.3,ORH,8723
46.11726,-0.12592,6.48,MIS,69141
46.13418,-0.12892,14.75,BTH,148680
46.13577,-0.12862,5.69,BTH,57355
46.14197,-0.12907,9.32,ORH,62537
46.14652,-0.12823,6.55,ORH,43950
46.13932,-0.12747,9.25,BTH,93240
46.14863,-0.12791,3.75,ORH,25162
46.1555,-0.13327,8.39,BDH,84571
46.15278,-0.13181,10.09,MIS,107660
46.16359,-0.13288,14.77,BTH,148881
46.15762,-0.13008,5.66,CZH,75391
46.1598,-0.13062,12.62,MIS,134655
46.16819,-0.1324,3.46,TTH,30032
46.15002,-0.12886,4.05,BTH,40824
46.15482,-0.12835,3.65,TRN,31937
46.15202,-0.12655,2.48,ORH,16640
46.16326,-0.12865,1.78,BTH,17942
46.16224,-0.12829,0.82,MIS,8749
46.1679,-0.12878,9.75,MIS,104032
46.16976,-0.12992,0.83,TTH,7204
46.17853,-0.13163,15.41,MIS,164424
46.18468,-0.13046,2.58,BTH,26006
46.17144,-0.12922,9.99,MIS,106593
46.1743,-0.12826,0.31,MIS,3307
46.18296,-0.13015,2.4,TTH,20832
46.19387,-0.15553,2.08,ORH,13956
46.18776,-0.15388,1.62,TRN,14175
46.1997,-0.15421,10.95,BTH,110376
46.18929,-0.15382,5.9,BTH,59472
46.19474,-0.15386,2.54,MIE,27101
46.19122,-0.15297,9.0,BTH,90720
46.19272,-0.15239,4.74,MIE,50575
46.21074,-0.15547,1.93,MIS,20593
46.20627,-0.1551,4.74,BTH,47779
46.24118,-0.15056,4.53,MCR,44937
46.22074,-0.1544,1.84,CZH,24508
46.18632,-0.15056,0.51,MIS,5441
46.2027,-0.15179,10.17,MIS,108513
46.1872,-0.15007,7.68,BTH,77414
46.19112,-0.15009,3.73,TRN,32637
46.19332,-0.14906,3.36,TRN,29400
46.20556,-0.15174,4.31,TRN,37712
46.22861,-0.15683,4.58,BTH,46166
46.23447,-0.15755,3.92,CZH,52214
46.23664,-0.15823,2.48,BTH,24998
46.23879,-0.15794,2.58,MCR,25593
46.24076,-0.15694,2.03,BTH,20462
46.24072,-0.15535,3.49,MIS,37238
46.24198,-0.15755,0.37,BTH,3729
46.24488,-0.15702,5.13,BTH,51710
46.25188,-0.15804,5.29,BTH,53323
46.25962,-0.15732,8.98,TRN,78575
46.24716,-0.15641,5.83,BTH,58766
46.24468,-0.15571,4.72,BTH,47577
46.25716,-0.15765,2.02,TRN,17675
46.25772,-0.15698,3.7,BTH,37296
46.25165,-0.15618,1.29,BTH,13003
46.2314,-0.15431,1.4,BTH,14111
46.2404,-0.15253,3.57,ORP,23954
46.24764,-0.15373,2.15,BTH,21672
46.25346,-0.1538,27.22,BTH,274377
46.25044,-0.15381,3.76,MIS,40119
46.24512,-0.15183,6.88,CZH,91641
46.26402,-0.14892,2.34,BTH,23587
46.2583,-0.15361,1.54,BTH,15523
46.1887,-0.14863,8.05,BTH,81144
46.19208,-0.14736,2.82,TRN,24675
46.19544,-0.14773,5.2,CZH,69264
46.19008,-0.14751,6.53,BTH,65822
46.19666,-0.14637,2.31,MIS,24647
46.21106,-0.14777,1.14,TRN,9974
46.20784,-0.14724,3.51,BDH,35380
46.19154,-0.14502,10.38,CZH,138261
46.19786,-0.14572,30.68,MIS,327355
46.18884,-0.14333,9.55,MIE,101898
46.20068,-0.14363,2.59,BTH,26107
46.21038,-0.14588,1.46,BTH,14716
46.20884,-0.14474,1.11,BTH,11188
46.21063,-0.14472,0.33,BTH,3326
46.20999,-0.14399,1.77,TRN,15487
46.23496,-0.14795,7.47,MCR,74102
46.24262,-0.15086,1.29,MIS,13764
46.24367,-0.15011,2.71,MIS,28915
46.24894,-0.15053,1.38,BTH,13910
46.25461,-0.15242,1.87,BTH,18849
46.25474,-0.15114,7.18,BTH,72374
46.2455,-0.14963,2.91,MCR,28867
46.24769,-0.14913,2.06,BTH,20764
46.2464,-0.14888,0.96,MCR,9523
46.25747,-0.15063,2.28,MIS,24327
46.2584,-0.14956,4.24,MIS,45240
46.2526,-0.14607,2.45,MIS,26141
46.23648,-0.14758,2.03,MLG,6496
46.2454,-0.1476,1.1,MCR,10912
46.25322,-0.14806,13.08,MIS,139563
46.2508,-0.14688,1.13,MIS,12057
46.25842,-0.14746,3.9,MIE,41613
46.2726,-0.1589,35.63,CZH,474591
46.26188,-0.15778,17.41,BTH,175492
46.26366,-0.15775,4.82,TRN,42175
46.26656,-0.15675,11.36,CZH,151315
46.27746,-0.15782,3.41,BTH,34372
46.27819,-0.15993,0.52,BTH,5241
46.2959,-0.16057,6.93,TRN,60637
46.29382,-0.16079,1.94,MIS,20699
46.26416,-0.15485,0.86,TRN,7524
46.27676,-0.15653,1.1,BTH,11088
46.26824,-0.15491,1.07,TRN,9362
46.26488,-0.15432,2.6,TRN,22750
46.26046,-0.15336,11.89,BTH,119851
46.26414,-0.15319,1.18,BTH,11894
46.26626,-0.15353,2.7,CZH,35964
46.27215,-0.15538,4.87,BTH,49089
46.27346,-0.1542,4.41,TTH,38278
46.31136,-0.16207,4.88,BTH,49190
46.27869,-0.15564,19.21,BTH,193636
46.2964,-0.15763,2.72,MIS,29022
46.29468,-0.15657,2.22,MIS,23687
46.28546,-0.15591,8.46,MIE,90268
46.28224,-0.15503,4.38,MIS,46734
46.29538,-0.15525,1.35,TRN,11812
46.32186,-0.16249,1.65,BTH,16631
46.3178,-0.16124,0.89,TRN,7787
46.32534,-0.16263,3.69,TRN,32287
46.31677,-0.15869,4.66,MIE,49722
46.33364,-0.16238,5.58,BTH,56246
46.32653,-0.16135,1.33,TRN,11637
46.29786,-0.1584,3.96,BTH,39916
46.2994,-0.15854,2.69,BTH,27115
46.30126,-0.15702,1.62,MIS,17285
46.3153,-0.15927,7.01,MIE,74796
46.31318,-0.1578,1.75,MIE,18672
46.32445,-0.159,8.41,TRN,73587
46.33036,-0.15815,2.24,BTH,22579
46.32089,-0.15706,0.51,TRN,4462
46.3317,-0.15865,0.76,TRN,6649
46.33266,-0.15832,1.63,MIS,17392
46.2631,-0.15295,0.99,BTH,9979
46.27158,-0.15295,6.66,TRN,58274
46.27032,-0.15086,6.74,BTH,67939
46.26417,-0.15011,1.39,BTH,14011
46.40212,-0.1879,1.76,SOJ,30624
46.26082,-0.14984,5.99,MIE,63913
46.2633,-0.14971,1.43,BDH,14414
46.276,-0.15239,13.73,TRN,120137
46.29448,-0.15398,1.97,BTH,19857
46.2825,-0.15183,4.3,MIE,45881
46.28521,-0.15238,15.79,BTH,159163
46.28018,-0.15103,14.35,BTH,144647
46.29474,-0.15281,0.35,BTH,3527
46.29482,-0.15203,0.82,BTH,8265
46.26267,-0.14937,0.69,BDH,6955
46.2657,-0.14888,3.25,ORH,21807
46.27166,-0.15015,1.83,TRN,16012
46.2721,-0.14912,0.73,BTH,7358
46.26884,-0.148,6.7,TRN,58625
46.26315,-0.14668,7.42,MIE,79171
46.27138,-0.14848,0.93,TRN,8137
46.276,-0.14693,16.2,BTH,163296
46.27112,-0.14704,0.92,BTH,9273
46.28453,-0.14987,3.78,MIS,40332
46.2829,-0.14834,6.1,MIE,65087
46.2952,-0.149,3.23,MIE,34464
46.3141,-0.1552,9.71,MIE,103605
46.30723,-0.1529,1.61,CZH,21445
46.30742,-0.15231,0.97,BTH,9777
46.32183,-0.1562,2.09,TRN,18287
46.31587,-0.15453,6.7,BTH,67536
46.32462,-0.1555,2.15,CZH,28638
46.32065,-0.1545,1.46,BTH,14716
46.32202,-0.15389,4.16,ORH,27913
46.3183,-0.1543,10.05,BTH,101304
46.32807,-0.15331,5.64,BTH,56851
46.3308,-0.15486,1.18,BTH,11894
46.33324,-0.15583,4.99,TRN,43662
46.33156,-0.1545,5.65,BTH,56952
46.30594,-0.151,1.3,BTH,13104
46.3091,-0.1525,2.47,BTH,24897
46.31304,-0.15152,2.0,MIE,21340
46.30987,-0.15102,3.18,CZH,42357
46.30732,-0.1509,3.88,BTH,39110
46.31514,-0.15145,4.62,BTH,46569
46.30662,-0.14986,1.26,TRN,11025
46.31974,-0.15258,0.61,MCR,6051
46.32062,-0.15231,2.05,BTH,20664
46.32237,-0.15232,3.22,BTH,32457
46.33032,-0.15279,6.13,BTH,61790
46.32576,-0.15243,2.98,CZH,39693
46.32917,-0.15136,4.55,BTH,45864
46.31822,-0.15087,1.28,BTH,12902
46.3237,-0.15077,8.56,BTH,86284
46.23356,-0.13458,1.14,BTH,11491
46.19899,-0.14088,22.05,BTH,222264
46.21116,-0.14301,1.19,BTH,11995
46.2129,-0.14307,1.4,BTH,14111
46.21721,-0.14348,4.11,TRN,35962
46.20622,-0.14108,2.7,MCR,26784
46.21716,-0.14158,3.5,BDH,35279
46.19098,-0.13912,7.17,MIE,76503
46.19364,-0.1376,7.54,MIE,80451
46.2015,-0.13922,0.57,MLG,1824
46.19116,-0.13611,5.18,BTH,52214
46.19624,-0.1372,10.08,TRN,88200
46.20414,-0.13755,1.39,MLG,4447
46.20496,-0.13844,3.82,MIS,40759
46.21827,-0.14016,2.5,TRN,21875
46.2073,-0.13803,0.56,MCR,5555
46.20525,-0.13649,1.18,MLG,3776
46.24578,-0.14435,8.42,CZH,112154
46.24962,-0.14365,2.62,MIS,27955
46.25651,-0.14557,3.28,BTH,33062
46.25783,-0.14557,2.45,BTH,24696
46.25439,-0.14435,0.95,BTH,9575
46.25099,-0.14303,5.94,MIS,63379
46.25971,-0.14463,4.54,MIS,48441
46.23963,-0.14075,11.85,BTH,119448
46.2348,-0.1398,4.11,TRN,35962
46.25204,-0.14121,2.81,BTH,28324
46.24328,-0.13904,2.67,MIS,28488
46.2558,-0.1395,40.93,BTH,412574
46.1953,-0.13565,6.4,MIE,68288
46.20192,-0.13621,9.59,ORP,64348
46.19351,-0.13416,6.37,MIE,67967
46.19919,-0.13268,11.53,BTH,116222
46.20222,-0.13334,3.04,MLG,9728
46.20454,-0.13337,3.53,MLG,11296
46.20964,-0.13561,2.71,ORH,18184
46.20794,-0.13434,3.39,ORH,22746
46.20676,-0.13407,4.66,MLG,14912
46.20326,-0.13197,3.03,MLG,9696
46.19566,-0.13005,3.0,MIE,32010
46.19806,-0.12987,10.05,BTH,101304
46.20185,-0.13039,7.99,CZH,106426
46.20402,-0.13068,1.92,ORH,12883
46.21199,-0.13142,2.99,ORH,20062
46.2352,-0.13418,5.0,TRN,43750
46.20919,-0.13103,5.82,BTH,58665
46.23895,-0.13838,9.44,MIS,100724
46.23751,-0.13783,1.98,BDH,19958
46.24214,-0.13772,2.63,MIS,28062
46.26021,-0.13895,4.27,BTH,43041
46.24822,-0.13717,2.52,BTH,25401
46.25282,-0.13612,17.1,TRN,149625
46.24142,-0.13544,8.82,MIE,94109
46.23312,-0.13322,2.0,BTH,20160
46.23957,-0.13355,4.95,BDH,49896
46.22855,-0.13227,4.26,ORH,28584
46.22652,-0.13166,2.0,ORH,13420
46.23419,-0.13254,0.94,BTH,9475
46.23638,-0.13295,1.93,TRN,16887
46.23388,-0.13126,1.52,ORH,10199
46.24462,-0.13273,15.99,ORH,107292
46.24254,-0.13213,4.28,MIE,45667
46.25518,-0.13278,5.04,TRN,44100
46.2572,-0.13355,6.55,TRN,57312
46.26584,-0.14576,2.9,MIE,30943
46.26453,-0.14498,1.3,BTH,13104
46.2741,-0.14517,10.54,TRN,92225
46.27937,-0.14703,3.35,BTH,33768
46.28178,-0.14655,0.58,BTH,5846
46.28896,-0.1461,9.76,MIS,104139
46.29591,-0.14632,4.32,TRN,37800
46.26772,-0.14296,2.29,MIE,24434
46.26228,-0.14318,12.38,BTH,124790
46.26422,-0.14174,1.75,BTH,17639
46.26891,-0.14208,5.06,ORH,33952
46.27573,-0.1425,5.37,BTH,54129
46.26122,-0.14035,3.81,TRN,33337
46.26392,-0.14058,1.43,TRN,12512
46.28348,-0.14306,4.03,MIE,43000
46.28589,-0.14451,10.95,BTH,110376
46.2885,-0.14374,1.91,BTH,19252
46.28178,-0.14023,1.62,BTH,16329
46.29678,-0.14432,2.38,TRN,20825
46.28219,-0.14252,2.04,MIE,21766
46.28342,-0.14106,3.78,BTH,38102
46.28505,-0.14156,1.06,BTH,10684
46.29648,-0.14228,3.97,BTH,40017
46.2993,-0.14617,9.2,TRN,80500
46.31265,-0.1494,2.16,MIE,23047
46.30752,-0.14753,5.81,TRN,50837
46.30976,-0.14724,2.59,TRN,22662
46.31511,-0.1472,5.49,ORH,36837
46.31594,-0.14867,4.77,MIS,50895
46.32865,-0.14984,2.59,BTH,26107
46.32622,-0.14892,10.47,CZH,139460
46.32764,-0.14825,2.94,TRN,25725
46.30084,-0.14435,7.86,BTH,79228
46.31114,-0.1453,15.98,BTH,161078
46.28496,-0.14007,1.25,MIS,13337
46.30892,-0.14328,1.71,TRN,14962
46.31384,-0.14333,6.57,TRN,57487
46.32731,-0.14634,4.29,BTH,43243
46.2637,-0.13932,0.63,TRN,5512
46.26335,-0.13885,0.13,TRN,1137
46.26428,-0.13833,0.28,VRG,2312
46.26302,-0.13701,5.18,TRN,45324
46.27337,-0.13953,24.64,TRN,215600
46.2696,-0.13742,8.26,MIE,88134
46.27818,-0.13859,8.81,BTH,88804
46.29083,-0.14001,1.84,TRN,16100
46.29653,-0.14001,3.23,TRN,28262
46.28034,-0.13892,1.4,MIS,14937
46.28224,-0.13864,5.66,BTH,57052
46.28064,-0.13766,1.41,MIS,15044
46.28352,-0.13749,2.4,MIS,25608
46.29158,-0.13888,1.12,MIS,11950
46.29067,-0.13831,0.79,MIS,8429
46.26028,-0.13559,2.73,MIS,29129
46.26217,-0.13541,1.47,MIS,15684
46.26608,-0.13519,5.34,BTH,53827
46.27387,-0.13615,3.97,BTH,40017
46.26422,-0.13452,3.06,BTH,30844
46.26784,-0.13502,0.34,MIE,3627
46.27091,-0.13278,19.01,TRN,166337
46.2764,-0.13431,1.56,BTH,15724
46.27971,-0.13616,1.81,BTH,18244
46.29154,-0.13778,0.72,MIS,7682
46.29387,-0.13712,1.32,MIS,14084
46.2862,-0.13702,20.22,ORH,135676
46.29098,-0.13511,3.64,MIS,38838
46.29537,-0.1353,2.5,MIS,26675
46.29987,-0.14049,8.0,MIS,85360
46.30362,-0.1409,7.06,BTH,71164
46.30708,-0.14123,7.02,BTH,70761
46.30923,-0.1416,3.73,TRN,32637
46.31488,-0.14111,5.01,TRN,43837
46.29754,-0.13917,2.4,ORH,16104
46.31422,-0.14013,0.54,ORH,3623
46.30939,-0.13892,2.25,TRN,19687
46.31116,-0.1394,10.39,TRN,90912
46.33293,-0.14203,2.94,MIE,31369
46.3044,-0.13818,1.48,BTH,14918
46.29838,-0.13695,0.6,CZH,7992
46.30688,-0.13755,8.32,BTH,83865
46.31426,-0.13886,1.97,ORH,13218
46.29866,-0.13589,2.18,ORP,14627
46.30135,-0.1367,12.59,CZH,167698
46.3129,-0.13699,3.82,TRN,33425
46.31009,-0.13639,2.75,TRN,24062
46.33315,-0.13902,2.19,BTH,22075
47.39732,-0.36883,0.34,VRC,2856
46.3508,-0.18914,8.83,ORH,59249
46.35918,-0.19088,0.86,MIE,9176
46.3684,-0.19052,6.56,MIE,69995
46.3529,-0.18933,10.5,BTH,105840
46.3562,-0.18906,13.78,BTH,138902
46.36297,-0.18916,1.53,BTH,15422
46.33286,-0.18656,6.6,BTH,66527
46.36026,-0.18903,12.03,CZH,160239
46.36524,-0.18909,3.3,CZH,43955
46.366,-0.18841,3.91,ORH,26236
46.36828,-0.18765,6.56,BTH,66124
46.35895,-0.18569,12.34,BTH,124387
46.36906,-0.18638,1.2,ORH,8052
46.37069,-0.19216,2.88,TTH,24998
46.37802,-0.1915,0.01,BTH,100
46.37837,-0.19031,4.79,BTH,48283
46.37906,-0.19154,7.49,TRN,65537
46.39076,-0.19248,6.96,TRN,60899
46.39709,-0.19293,12.14,TRN,106225
46.39421,-0.19055,4.85,BTH,48888
46.39976,-0.1917,1.95,ORH,13084
46.40153,-0.19228,3.13,BTH,31550
46.4005,-0.19121,2.2,ORH,14762
46.3699,-0.18859,1.05,BTH,10584
46.37798,-0.18914,0.04,ORH,268
46.37796,-0.18802,4.15,ORH,27846
46.37694,-0.1881,0.05,ORH,335
46.38066,-0.18711,12.17,CZH,162104
46.3923,-0.19018,1.88,TRN,16449
46.39152,-0.18876,3.45,BTH,34776
46.3968,-0.18994,1.29,BTH,13003
46.39836,-0.19064,1.42,SOJ,24708
46.3995,-0.1896,1.18,TRN,10325
46.39904,-0.18953,0.9,SOJ,15660
46.39542,-0.18894,2.03,TRN,17762
46.39436,-0.18761,1.47,BTH,14817
46.39768,-0.18876,1.92,MIS,20486
46.40394,-0.18778,1.3,MIS,13871
46.34532,-0.18255,5.12,BTH,51609
46.3365,-0.18088,3.94,TTH,34199
46.34914,-0.18256,1.58,ORH,10601
46.34478,-0.1814,1.23,TRN,10762
46.3516,-0.18495,2.36,MIE,25181
46.36215,-0.18562,6.57,BTH,66225
46.3615,-0.18374,2.53,CZH,33699
46.35198,-0.18264,2.12,BTH,21369
46.3552,-0.18229,4.18,TRN,36574
46.35906,-0.18244,3.48,BTH,35078
46.3574,-0.18174,4.08,BTH,41126
46.35604,-0.18205,6.55,CZH,87246
46.36412,-0.18171,18.0,MIE,192060
46.33476,-0.18028,3.94,SOG,39084
46.34528,-0.17897,1.27,TRN,11112
46.33404,-0.17818,1.7,SOG,16864
46.34518,-0.17786,3.3,ORH,22143
46.35383,-0.18162,1.65,SOG,16368
46.35232,-0.18094,8.94,BTH,90115
46.36092,-0.18203,8.34,BTH,84067
46.36974,-0.18249,4.8,BTH,48384
46.36888,-0.17938,6.01,BTH,60580
46.37799,-0.1841,6.63,TRN,58012
46.37482,-0.17985,4.53,MCR,44937
46.44259,-0.19082,2.43,TTH,21092
46.38282,-0.18445,24.2,CZH,322344
46.38529,-0.18358,4.32,ORH,28987
46.3922,-0.18637,4.86,TRN,42525
46.39622,-0.18691,3.5,MIS,37345
46.40042,-0.18675,9.07,MIS,96776
46.40555,-0.18768,1.45,MIS,15471
46.39788,-0.1865,4.97,SOJ,86478
46.4067,-0.18674,2.0,MIS,21340
46.39482,-0.18469,4.71,TRN,41212
46.39196,-0.18194,1.71,SOJ,29754
46.40208,-0.18548,1.93,MIS,20593
46.39856,-0.18493,1.27,TRN,11112
46.40172,-0.18483,0.88,SOJ,15312
46.37638,-0.18249,7.23,TRN,63262
46.37028,-0.1806,2.69,CZH,35830
46.37148,-0.17981,4.39,BTH,44251
46.38754,-0.18065,4.67,SOJ,81258
46.38204,-0.18028,3.29,ORH,22075
46.38436,-0.18063,7.13,ORH,47842
46.39638,-0.18267,1.42,TRN,12424
46.4052,-0.1829,1.44,MIS,15364
46.39872,-0.18245,3.58,MIS,38198
46.41462,-0.19528,2.95,BTH,29736
46.41552,-0.19387,2.95,BTH,29736
46.42365,-0.19438,11.34,BDH,114307
46.4131,-0.19191,11.79,CZH,157042
47.44402,-0.37151,0.73,BTH,7358
46.41663,-0.19241,2.01,BTH,20260
46.43902,-0.19417,2.28,MCR,22617
46.44154,-0.19443,2.77,MCR,27478
46.4413,-0.19351,5.02,MCR,49798
46.44098,-0.19042,4.15,TTH,36022
46.40818,-0.18803,1.57,MIS,16751
46.42512,-0.19161,0.91,BDH,9172
46.44702,-0.19669,1.74,MIE,18565
46.45075,-0.19574,15.35,MIE,163784
46.44415,-0.19457,8.66,BTH,87292
46.44738,-0.19492,4.12,MIE,43960
46.47698,-0.19531,4.1,MIE,43747
46.44512,-0.19193,2.92,MIS,31156
46.45018,-0.19164,7.11,TTH,61714
46.459,-0.19086,3.7,BTH,37296
46.40916,-0.18801,1.2,BTH,12096
46.4135,-0.1881,1.1,MIS,11737
46.41054,-0.186,7.8,MIE,83226
46.44431,-0.18865,5.0,TTH,43400
46.42198,-0.18775,1.79,BDH,18043
46.42303,-0.18684,3.1,BDH,31248
46.40813,-0.18621,2.39,MIS,25501
46.41658,-0.18481,21.02,BTH,211881
46.43876,-0.18854,0.67,MCR,6646
46.40732,-0.18347,4.94,MIS,52709
46.40952,-0.18386,1.71,BTH,17236
46.41069,-0.18292,5.89,BTH,59371
46.46081,-0.19103,3.37,BTH,33969
46.46044,-0.18997,4.12,BTH,41529
46.4528,-0.18723,2.37,BTH,23889
46.45096,-0.18738,9.5,BTH,95760
46.4468,-0.18605,9.25,MIE,98697
46.33522,-0.17581,3.98,TRN,34824
47.17366,-0.27174,0.4,VRC,3360
46.33672,-0.17696,4.9,BTH,49391
47.17698,-0.27214,0.27,VRC,2268
46.34735,-0.17758,6.99,BTH,70459
46.34974,-0.17791,7.09,BTH,71467
46.34405,-0.17659,4.29,BTH,43243
46.35951,-0.17834,18.75,ORH,125812
46.3671,-0.17837,6.27,CZH,83516
46.36514,-0.17703,7.47,BTH,75297
46.3562,-0.17655,4.53,BTH,45662
46.3625,-0.17573,1.34,CZH,17848
46.36089,-0.17523,2.76,CZH,36763
46.36494,-0.1757,2.69,CZH,35830
46.3351,-0.17316,2.97,MLG,9504
46.33752,-0.17305,4.95,CZH,65934
46.34688,-0.17373,3.51,SOG,34819
46.34766,-0.17223,0.48,SOG,4761
46.34928,-0.17204,19.02,BTH,191721
46.35332,-0.17449,7.59,BTH,76507
46.35683,-0.17398,2.6,BTH,26208
46.36364,-0.175,1.37,CZH,18248
46.36267,-0.17435,1.2,MIS,12804
46.36084,-0.17367,2.48,CZH,33033
46.3575,-0.1728,2.22,BTH,22377
46.35428,-0.17187,3.72,MIS,39692
47.17667,-0.27166,0.79,CZH,10522
46.3595,-0.17243,4.89,BTH,49291
46.36648,-0.17327,12.39,CZH,165034
46.37408,-0.17807,5.99,BTH,60379
46.39642,-0.17901,3.24,BTH,32659
46.40576,-0.1813,3.68,MIS,39265
46.39859,-0.17928,6.16,MIE,65727
46.40203,-0.1796,2.83,MIE,30196
46.393,-0.17902,5.95,MIE,63486
46.39526,-0.17755,1.25,MIE,13337
46.39677,-0.1775,1.6,SOJ,27840
46.38949,-0.17769,5.32,SOJ,92568
46.39588,-0.17675,1.31,SOJ,22794
46.39131,-0.17598,0.56,MIS,5975
46.4007,-0.17765,1.19,MIS,12697
46.40655,-0.17685,3.61,MIS,38518
46.401,-0.17594,2.16,MIS,23047
46.3978,-0.17619,0.87,MIS,9282
46.39394,-0.1754,4.76,TRN,41649
46.39665,-0.17508,3.81,BTH,38404
46.39926,-0.17441,8.22,BTH,82857
46.33412,-0.16862,4.71,BTH,47476
46.33742,-0.16831,15.13,BTH,152510
46.34932,-0.16824,2.29,BTH,23083
46.35196,-0.16944,6.5,BTH,65519
46.35858,-0.17091,2.58,BTH,26006
46.38842,-0.17276,0.69,MIS,7362
46.36386,-0.17035,1.93,CZH,25707
46.35722,-0.16906,6.85,TRN,59937
46.35476,-0.1674,14.66,BTH,147772
46.36146,-0.16962,4.17,CZH,55544
46.36375,-0.16854,5.77,BTH,58161
46.3679,-0.16939,5.92,BTH,59673
46.33609,-0.16621,2.42,MIS,25821
46.34866,-0.16727,3.55,BTH,35784
46.35164,-0.16732,1.48,BTH,14918
46.33836,-0.16417,1.24,TRN,10850
46.34916,-0.16591,3.06,BTH,30844
46.35105,-0.16512,3.03,BTH,30542
46.34839,-0.16457,1.82,BTH,18345
46.3574,-0.16648,1.26,CZH,16783
46.36166,-0.16627,2.32,BTH,23385
46.36564,-0.16678,1.45,BTH,14615
46.37245,-0.17213,1.52,BTH,15321
46.37536,-0.17197,2.94,ORH,19727
46.37661,-0.1725,1.44,BTH,14515
46.38368,-0.17166,3.21,BDH,32356
46.37636,-0.17042,2.15,CZH,28638
46.38742,-0.1713,1.65,MIS,17605
46.39068,-0.17337,0.33,BTH,3326
46.40552,-0.17364,0.77,MIS,8215
46.39512,-0.17156,3.01,BTH,30340
46.40333,-0.1721,5.15,BTH,51912
46.407,-0.1713,7.86,MIS,83866
46.37418,-0.16856,2.67,MIS,28488
46.37645,-0.16817,4.19,BTH,42235
46.38579,-0.16968,1.05,TRN,9187
46.3865,-0.16897,3.99,MIS,42573
46.37254,-0.16655,3.38,MIS,36064
46.38,-0.16755,2.4,BTH,24192
46.38904,-0.17053,8.04,BTH,81043
46.40294,-0.16869,4.69,BTH,47275
46.4086,-0.18041,3.93,BTH,39614
46.41204,-0.18057,3.37,MIE,35957
46.42456,-0.18194,2.22,BTH,22377
46.40799,-0.17926,1.76,BTH,17740
46.40738,-0.17795,2.42,MIS,25821
46.42262,-0.1804,1.91,BTH,19252
46.43929,-0.18173,0.75,MLG,2400
46.44324,-0.18035,3.25,ORH,21807
46.40875,-0.17666,1.07,BTH,10785
46.4234,-0.17896,9.52,CZH,126806
46.4096,-0.17529,0.95,BTH,9575
46.42456,-0.17703,6.33,CZH,84315
46.43923,-0.17882,1.76,MIS,18779
46.44047,-0.17983,5.3,MLG,16960
46.43739,-0.17781,2.99,MLG,9568
46.43885,-0.17749,2.75,MLG,8800
46.44087,-0.17737,4.2,TRN,36750
46.45256,-0.18374,8.65,MIS,92295
46.45539,-0.18244,3.94,TRN,34475
46.46186,-0.18476,3.73,ORH,25028
46.44367,-0.17852,2.64,TRN,23100
46.47462,-0.18418,5.14,ORH,34489
46.4803,-0.18251,2.84,MIS,30302
46.44483,-0.17807,2.68,TTH,23262
46.47042,-0.18034,3.11,ORH,20868
46.47638,-0.1803,10.77,ORH,72266
46.46426,-0.17837,3.13,TRN,27387
46.4803,-0.18016,6.03,MIS,64340
46.40834,-0.17371,2.99,MIS,31903
46.42223,-0.17555,2.49,CZH,33166
46.42318,-0.17375,8.62,CZH,114818
47.54186,-0.4184,1.14,MIS,12163
46.40856,-0.17228,2.35,BTH,23688
46.42115,-0.17255,2.01,CZH,26773
46.44306,-0.17603,4.43,TRN,38762
46.44228,-0.17454,0.8,ORH,5368
46.44246,-0.17394,1.42,TTH,12325
46.40802,-0.17054,0.95,BTH,9575
46.42272,-0.17181,0.92,BTH,9273
46.42146,-0.16933,5.3,BTH,53423
46.42489,-0.16896,11.15,BTH,112392
46.4266,-0.17172,9.88,BTH,99590
46.44306,-0.17288,1.54,TTH,13367
46.44372,-0.17254,2.4,TRN,21000
46.44564,-0.17623,3.83,BTH,38606
46.45939,-0.17652,8.85,BTH,89208
46.44696,-0.175,2.51,BTH,25300
46.44464,-0.17432,3.18,MIS,33930
46.46628,-0.17669,6.89,MIS,73516
46.47034,-0.17706,8.21,TRN,71837
46.4739,-0.17797,7.86,TRN,68775
46.47756,-0.17716,6.66,TRN,58274
46.46454,-0.175,9.1,CZH,121212
46.44916,-0.17293,1.86,BTH,18748
46.4509,-0.17342,0.65,MIE,6935
46.44624,-0.17214,2.92,MIS,31156
46.44763,-0.17237,2.51,MIS,26781
46.45004,-0.17272,1.0,BTH,10080
46.45717,-0.17399,9.08,CZH,120945
46.44446,-0.17015,4.4,MCR,43648
46.44626,-0.17117,0.1,VRG,826
46.45278,-0.17234,5.18,MLG,16576
46.44931,-0.17075,3.97,MCR,39382
46.4545,-0.17237,6.95,MIE,74156
46.45782,-0.17025,10.5,CZH,139860
46.47,-0.17375,3.01,TRN,26337
46.47753,-0.17485,6.62,BTH,66729
46.47548,-0.17354,2.18,TTH,18922
46.47898,-0.17377,2.22,BTH,22377
46.49476,-0.19894,3.12,MIE,33290
46.4962,-0.19902,0.32,VRG,2643
46.4891,-0.19788,4.96,MIS,52923
46.49232,-0.19841,3.26,TRN,28525
46.48254,-0.19713,4.77,BTH,48081
46.49935,-0.20014,1.13,VRG,9333
46.50268,-0.19876,4.93,ORH,33080
46.50513,-0.19977,6.71,TTH,58242
46.50686,-0.19978,2.18,MIS,23260
46.49982,-0.19705,2.05,MIS,21873
46.4854,-0.19502,2.66,MIE,28382
47.52236,-0.40025,2.51,VRG,20732
46.49772,-0.19665,2.0,MLG,6400
46.48298,-0.19405,6.94,BTH,69955
46.48898,-0.19419,3.94,MIE,42039
46.49184,-0.19485,2.01,MIS,21446
46.49347,-0.19457,1.61,TTH,13974
46.49788,-0.19487,0.93,CZH,12387
46.49339,-0.19347,0.59,BTH,5947
46.5017,-0.19626,8.53,CZH,113619
46.53628,-0.20036,2.69,MIE,28702
46.51756,-0.195,6.28,BTH,63302
46.54108,-0.19858,5.7,BTH,57455
46.5503,-0.19913,1.79,MIE,19099
46.54645,-0.19837,2.67,MIE,28488
46.54454,-0.1962,0.5,MIS,5335
46.4826,-0.19182,5.33,BTH,53726
46.49692,-0.19322,8.31,TTH,72130
46.48836,-0.19083,11.71,BTH,118036
46.49402,-0.18928,17.7,MIS,188859
46.51658,-0.194,2.06,TRN,18025
46.5056,-0.19127,14.73,MIE,157169
46.50102,-0.19081,14.84,BTH,149587
46.51294,-0.19182,13.8,BTH,139104
46.48713,-0.18866,2.89,MIE,30836
46.4849,-0.18757,9.71,BTH,97876
46.49208,-0.18817,3.04,TTH,26387
46.49811,-0.18859,4.22,BTH,42537
46.48904,-0.18714,2.03,MIE,21660
46.49172,-0.18677,0.27,MIS,2880
46.49298,-0.1865,0.51,MIS,5441
46.49334,-0.18651,0.83,MIS,8856
46.50896,-0.18873,11.54,MIE,123131
46.49872,-0.18605,6.99,MIE,74583
46.54677,-0.19428,6.31,BTH,63604
46.5371,-0.19279,0.89,MIE,9496
46.54822,-0.1942,0.57,TTH,4947
46.5349,-0.1921,5.32,MIE,56764
46.54434,-0.19246,3.9,BTH,39312
46.54373,-0.19005,10.45,CZH,139194
46.54576,-0.19005,1.9,ORH,12748
46.56552,-0.20041,4.86,TTH,42184
46.58383,-0.20489,2.19,MIE,23367
46.5893,-0.20538,2.87,MLG,9184
46.5839,-0.2024,1.76,TTH,15276
46.56229,-0.19889,5.87,MIS,62632
46.56932,-0.20073,5.95,MIE,63486
46.58557,-0.20186,3.94,MIE,42039
46.58672,-0.1992,2.38,MIE,25394
46.60116,-0.20624,4.05,BTH,40824
46.60259,-0.20545,2.8,ORH,18788
46.60676,-0.20524,2.1,MIE,22407
46.59258,-0.20427,7.56,TRN,66149
46.59758,-0.20371,5.18,TRN,45324
46.60062,-0.20391,1.05,MIE,11203
46.602,-0.20387,1.45,BTH,14615
46.60142,-0.20257,0.91,MIE,9709
46.60909,-0.20382,1.62,TTH,14061
46.60928,-0.20522,1.0,MCR,9920
46.60266,-0.19939,4.2,ORH,28182
46.56028,-0.19618,2.5,MIS,26675
46.55876,-0.19482,3.59,BTH,36187
46.56674,-0.19853,20.27,CZH,269996
46.57146,-0.19492,1.68,TTH,14582
46.55823,-0.19301,3.06,BTH,30844
46.55714,-0.19179,1.19,VRG,9829
46.5604,-0.193,10.34,BTH,104227
46.56804,-0.19351,2.4,TTH,20832
46.56982,-0.19383,3.59,TTH,31161
46.56696,-0.19287,2.53,TTH,21960
46.5711,-0.19314,1.31,TTH,11370
46.55723,-0.19128,0.21,VRG,1734
46.55809,-0.19022,2.35,BTH,23688
46.56635,-0.19173,4.47,TTH,38799
46.57139,-0.19246,1.48,TTH,12846
46.56798,-0.19132,3.26,BTH,32860
46.57256,-0.1909,3.95,TTH,34286
46.59216,-0.19884,3.17,ORH,21270
46.59442,-0.19583,2.88,MIE,30729
46.59634,-0.1965,3.61,MIE,38518
46.62626,-0.1995,2.88,MIE,30729
46.62537,-0.19897,1.21,TTH,10502
46.6265,-0.19862,1.7,TTH,14755
46.62462,-0.19769,1.67,TTH,14495
46.6276,-0.19772,2.15,TTH,18662
46.62726,-0.19591,4.33,BTH,43646
46.62697,-0.19489,2.96,TTH,25692
46.48788,-0.18505,1.78,MIE,18992
46.49379,-0.18516,3.61,TTH,31334
46.49462,-0.1863,0.24,MIS,2560
46.49102,-0.18492,4.79,TTH,41577
46.49232,-0.18507,1.24,TTH,10763
46.49279,-0.18511,1.26,MIS,13444
46.48903,-0.18394,0.32,TTH,2777
46.48204,-0.18346,14.98,TRN,131075
46.49186,-0.18394,0.81,MIS,8642
46.49906,-0.18353,0.82,BTH,8265
46.49814,-0.18129,1.02,BTH,10281
46.48612,-0.18072,16.3,MIS,173921
46.48869,-0.18218,3.85,BTH,38808
46.49013,-0.18257,1.01,MIS,10776
46.49784,-0.18264,4.1,BTH,41327
46.49433,-0.18103,3.26,BTH,32860
46.4959,-0.18072,7.9,MIE,84293
46.50284,-0.182,4.65,TTH,40362
46.50379,-0.18157,3.4,MLG,10880
46.50631,-0.18115,2.04,MIE,21766
46.50149,-0.18091,1.74,BTH,17539
46.50546,-0.18048,1.86,MIE,19846
46.53284,-0.18871,16.78,MIS,179042
46.53494,-0.18547,2.06,MIE,21980
46.53562,-0.18567,1.2,MIE,12804
46.53624,-0.18657,1.28,MIE,13657
46.53542,-0.1836,6.63,BTH,66830
46.54397,-0.18506,5.08,ORH,34086
46.54824,-0.18542,0.75,TTH,6510
46.54935,-0.18479,1.61,TTH,13974
46.5389,-0.18212,4.93,MIE,52603
46.54838,-0.18363,1.9,MIE,20273
46.48263,-0.17849,13.9,BTH,140112
46.4873,-0.17758,0.46,BTH,4636
46.48848,-0.17737,2.38,BTH,23990
46.48918,-0.17783,6.45,ORH,43279
46.49308,-0.17928,1.07,TTH,9287
46.4904,-0.17873,8.42,TTH,73085
46.49536,-0.17762,0.99,ORH,6642
46.49174,-0.17623,3.41,BTH,34372
46.49272,-0.17744,4.78,BTH,48182
46.49791,-0.1774,1.32,TTH,11457
46.49887,-0.18031,9.14,BTH,92131
46.50532,-0.17883,1.12,MIE,11950
46.50247,-0.1782,2.5,MIE,26675
46.50078,-0.17698,2.49,BTH,25099
46.5021,-0.17692,1.92,MIE,20486
46.50774,-0.17714,3.64,TTH,31595
46.51128,-0.17796,2.8,MIS,29876
46.48237,-0.17527,7.05,TTH,61193
46.48624,-0.17358,1.82,BTH,18345
46.49006,-0.17588,1.01,BTH,10180
46.49812,-0.17624,3.43,TTH,29772
46.48702,-0.17389,2.32,TTH,20137
46.4822,-0.17339,3.21,MIS,34250
46.48482,-0.1733,2.84,MIE,30302
46.49789,-0.17409,1.98,MLG,6336
46.49988,-0.17575,2.74,MLG,8768
46.51272,-0.17724,2.21,MLG,7072
46.53278,-0.18163,3.34,MIE,35637
46.5355,-0.18209,3.1,BTH,31248
46.54346,-0.18275,4.3,BTH,43344
46.5381,-0.18091,2.54,MIE,27101
46.54843,-0.1827,1.7,MIE,18139
46.5462,-0.18162,1.56,TRN,13650
46.54872,-0.1817,1.98,ORH,13285
46.5441,-0.18028,4.96,BTH,49996
47.20418,-0.26853,1.35,MIS,14404
46.53435,-0.17878,4.63,BTH,46670
46.53398,-0.17656,2.65,BTH,26712
46.53938,-0.17806,3.42,ORH,22948
46.54488,-0.17885,3.99,BTH,40219
46.54166,-0.17806,8.54,TRN,74725
46.56578,-0.18812,1.18,TTH,10242
46.54672,-0.17816,5.05,MLG,16160
46.53658,-0.1771,3.0,BTH,30240
46.54088,-0.17716,5.35,TTH,46438
46.54986,-0.17828,3.81,ORH,25565
46.55346,-0.1775,4.0,ORH,26840
46.55284,-0.17776,1.38,TRN,12075
46.56074,-0.18935,5.83,MIE,62206
46.57088,-0.18899,4.25,BTH,42839
46.55963,-0.1871,3.12,BTH,31449
46.56178,-0.18744,0.72,TRN,6299
46.56755,-0.18884,6.44,TTH,55899
47.59138,-0.3819,1.0,ORH,6710
46.58367,-0.19004,3.67,MCR,36406
46.56189,-0.18634,1.93,BTH,19454
46.5719,-0.18674,13.69,MIE,146072
46.5695,-0.18582,3.1,TRN,27125
46.5609,-0.18514,3.29,BTH,33163
46.56354,-0.1845,1.15,MLG,3680
46.55794,-0.18337,1.2,TRN,10500
46.58112,-0.18623,3.87,BTH,39009
46.5846,-0.1879,1.49,MCR,14780
46.58265,-0.18575,2.11,BTH,21268
46.55922,-0.17802,1.61,FLA,32200
46.61886,-0.19192,1.77,TTH,15363
46.61199,-0.1902,3.34,TTH,28991
46.6102,-0.18891,2.34,MIS,24967
46.5992,-0.1882,5.61,BTH,56548
46.60208,-0.18869,1.72,BTH,17337
46.59859,-0.18602,4.03,MIE,43000
46.60153,-0.1869,2.29,MIE,24434
46.60342,-0.18713,6.17,BTH,62193
46.40114,-0.1629,1.24,MIS,13230
46.56002,-0.18284,4.51,ORH,30262
46.55738,-0.18192,0.94,MLG,3008
46.56824,-0.18369,2.24,MLG,7168
46.55552,-0.18125,2.47,TRN,21612
46.56059,-0.18191,1.51,MIS,16111
46.55872,-0.18076,3.52,MLG,11264
46.56262,-0.18037,2.07,MLG,6624
46.57036,-0.1822,2.55,MIE,27208
46.3773,-0.1633,2.09,BTH,21067
46.57067,-0.18058,2.72,TTH,23609
46.57379,-0.18339,2.44,BTH,24595
46.58204,-0.18424,7.56,CZH,100699
46.57756,-0.18299,4.45,CZH,59274
46.58462,-0.18271,2.36,MCR,23411
46.58764,-0.18257,1.19,MCR,11804
46.56054,-0.17955,2.5,MLG,8000
46.55514,-0.17747,3.62,MIE,38625
46.558,-0.17798,0.92,TRN,8050
46.55758,-0.17737,1.57,TRN,13737
46.58114,-0.17983,2.59,CZH,34498
46.58308,-0.18084,0.43,BTH,4334
46.58666,-0.18024,4.52,MCR,44838
46.59218,-0.18123,4.81,TTH,41750
46.57844,-0.17866,5.21,CZH,69397
46.58862,-0.17995,2.05,MCR,20336
46.5969,-0.18552,1.74,SOG,17260
46.60558,-0.18538,12.58,BTH,126806
46.59947,-0.18313,5.91,SOG,58627
46.60346,-0.18365,1.23,MIE,13124
46.60902,-0.18308,1.45,MIS,15471
46.60974,-0.18498,3.01,MIE,32116
46.61201,-0.1849,4.23,MIE,45134
46.61366,-0.184,1.35,ORH,9058
46.6217,-0.18516,1.93,MIE,20593
46.62435,-0.18495,1.04,BTH,10483
46.62021,-0.18368,4.44,BTH,44755
46.62724,-0.1848,0.74,MIE,7895
46.596,-0.18193,3.81,TTH,33070
47.73188,-0.40765,34.25,VRG,282905
46.6067,-0.18212,5.95,BTH,59976
46.59938,-0.1796,5.83,TTH,50604
46.60348,-0.18114,11.93,MIE,127293
47.25586,-0.35076,0.57,TRN,4987
46.61156,-0.18148,2.5,MIE,26675
46.6242,-0.18349,3.16,BTH,31852
46.62673,-0.18287,2.39,MIE,25501
47.17499,-0.25896,2.56,VRC,21504
46.62505,-0.18181,3.09,BTH,31147
46.33822,-0.16321,3.91,MIS,41719
46.34882,-0.16385,1.16,BTH,11692
46.35072,-0.1634,1.63,BTH,16430
46.33446,-0.16162,0.92,TRN,8050
46.33764,-0.16179,2.75,TRN,24062
46.33671,-0.16046,4.97,TRN,43487
46.3554,-0.16481,5.98,CZH,79653
46.36008,-0.16553,1.47,CZH,19580
46.35652,-0.16455,4.44,MIS,47374
46.35207,-0.16247,4.84,MIS,51642
47.26284,-0.34983,0.4,MIS,4268
46.36059,-0.16319,4.94,BTH,49795
46.36227,-0.16373,1.5,TRN,13125
46.33536,-0.15928,5.65,BTH,56952
46.33398,-0.15888,1.33,BTH,13406
46.3455,-0.16134,5.61,MIE,59858
46.34976,-0.16082,4.94,BTH,49795
46.35092,-0.16102,3.04,BTH,30643
46.34798,-0.15884,10.87,BTH,109569
46.35102,-0.15928,1.22,BTH,12297
46.35404,-0.15979,15.2,BTH,153215
46.3636,-0.16128,2.58,TRN,22575
46.36245,-0.16093,4.09,TRN,35787
46.37948,-0.1651,2.19,BTH,22075
46.381,-0.16562,4.16,TRN,36400
46.3854,-0.16547,4.43,ORH,29725
46.38335,-0.16429,1.52,ORH,10199
46.38658,-0.16458,7.21,MIS,76930
46.38192,-0.16383,2.1,ORH,14091
46.4016,-0.16674,3.31,MIS,35317
46.40532,-0.16797,11.39,BTH,114811
46.40311,-0.16554,1.41,BTH,14212
46.37816,-0.1618,4.65,BTH,46872
46.37525,-0.16129,1.75,MIS,18672
46.38514,-0.16171,1.56,MIS,16645
46.37652,-0.16022,2.34,BTH,23587
46.37925,-0.16017,1.65,BTH,16631
46.38188,-0.1609,2.0,TRN,17500
46.38396,-0.16108,3.52,BTH,35481
46.38684,-0.16137,2.67,MIE,28488
46.40214,-0.16397,3.31,CZH,44089
46.33464,-0.15711,1.82,BTH,18345
46.34636,-0.1578,3.16,BTH,31852
46.34473,-0.15673,2.79,ORH,18720
46.34711,-0.15571,3.0,BTH,30240
46.35251,-0.15705,7.65,BTH,77112
46.3551,-0.15651,6.97,MIS,74369
46.34505,-0.15464,6.8,ORP,45628
46.34348,-0.15262,8.17,BTH,82353
46.34131,-0.1505,10.93,MIS,116623
46.37474,-0.1587,4.52,BTH,45561
46.38297,-0.15982,1.12,MIS,11950
46.38186,-0.15944,1.2,MIE,12804
46.37591,-0.15755,2.13,MIE,22727
46.37198,-0.15639,0.97,MIS,10349
46.37874,-0.15632,2.97,ORH,19928
46.38135,-0.15773,1.33,MIE,14191
46.39836,-0.15874,4.24,TTH,36803
46.39749,-0.15866,1.86,TTH,16144
46.37295,-0.15432,1.53,MIS,16325
46.45312,-0.16986,2.14,MIE,22833
46.39402,-0.15567,2.95,TTH,25606
46.39026,-0.15462,3.58,TRN,31325
46.39718,-0.15537,2.33,MIE,24861
46.40028,-0.1562,6.1,BTH,61488
46.40026,-0.1539,3.49,BTH,35179
46.41182,-0.16688,1.9,ORH,12748
46.41811,-0.16794,6.75,BTH,68039
46.42374,-0.16646,5.79,CZH,77122
46.41691,-0.16508,5.24,BTH,52819
46.42756,-0.16883,6.42,BTH,64713
46.44313,-0.16791,2.69,ORH,18049
46.43534,-0.16775,5.7,TRN,49875
46.43844,-0.16722,2.07,MLG,6624
46.41282,-0.16475,9.52,CZH,126806
46.41828,-0.1638,2.04,CZH,27172
46.42022,-0.16292,3.62,BTH,36489
46.42113,-0.16272,2.36,CZH,31435
46.42495,-0.16275,2.66,CZH,35431
46.42163,-0.1623,2.21,CZH,29437
46.43638,-0.16596,2.61,CZH,34765
47.19009,-0.25917,0.74,VRC,6215
46.43746,-0.16419,2.79,BTH,28123
46.4384,-0.16347,1.44,ORH,9662
46.45073,-0.16814,2.21,BTH,22276
46.44606,-0.16745,2.3,MIS,24541
46.4491,-0.16743,4.84,BTH,48787
46.45259,-0.16716,1.31,BTH,13204
46.46118,-0.16812,9.61,MLG,30752
46.45512,-0.16765,3.0,ORH,20130
46.46326,-0.17116,9.9,BTH,99792
46.47708,-0.17131,2.09,MIS,22300
46.44778,-0.16602,4.5,BTH,45359
46.458,-0.16803,10.1,ORH,67771
46.45378,-0.1666,4.57,MLG,14624
46.44416,-0.1647,10.69,MIE,114062
46.44729,-0.16478,0.77,BTH,7761
46.46044,-0.16461,0.63,MLG,2016
46.46847,-0.16595,5.07,MIS,54096
46.48003,-0.16714,11.64,MIS,124198
46.47869,-0.16515,7.51,BTH,75700
46.41577,-0.16142,3.1,BTH,31248
46.42198,-0.16101,3.57,ORH,23954
46.41871,-0.16116,2.66,BTH,26812
46.41702,-0.15942,2.95,BTH,29736
46.42294,-0.15973,4.9,ORH,32879
46.4284,-0.16195,1.24,MIE,13230
46.42894,-0.16131,3.14,BTH,31651
46.43935,-0.16282,1.93,ORH,12950
46.43634,-0.16227,5.0,TTH,43400
46.43781,-0.16125,1.74,BTH,17539
46.44163,-0.16222,1.35,BTH,13608
46.43572,-0.15965,2.88,TTH,24998
46.43998,-0.16038,6.25,MIS,66687
46.4163,-0.15838,0.42,BTH,4233
46.42168,-0.15885,2.57,ORH,17244
46.41825,-0.15702,2.78,TRN,24325
46.42276,-0.15777,2.87,ORH,19257
46.42456,-0.15527,2.9,BTH,29232
46.4265,-0.15786,0.7,MIE,7468
46.43716,-0.15935,4.15,ORH,27846
46.4418,-0.15909,3.13,MIS,33397
46.44355,-0.15885,3.76,MIS,40119
46.429,-0.1571,1.45,BTH,14615
46.42954,-0.15673,1.59,BTH,16027
46.42746,-0.1564,1.4,ORP,9394
46.43734,-0.15758,1.89,BTH,19051
47.36832,-0.34622,1.7,MIS,18139
46.44095,-0.15764,4.47,MLG,14304
46.44854,-0.16353,6.98,BTH,70358
46.4589,-0.16402,5.61,MIE,59858
46.4575,-0.16349,3.26,BTH,32860
46.4449,-0.16106,9.54,BTH,96163
46.44698,-0.16007,5.05,BTH,50904
46.48084,-0.16232,4.13,BTH,41630
46.45909,-0.16136,1.0,MIS,10670
46.46428,-0.1636,8.8,MIS,93896
46.46638,-0.16323,6.43,MIS,68608
46.468,-0.1627,10.0,MLG,32000
46.47611,-0.16459,7.53,MLG,24096
46.45747,-0.16059,1.6,MIE,17072
46.45746,-0.15955,0.6,MIS,6402
46.44857,-0.15863,4.25,TTH,36890
46.44724,-0.15787,1.18,MIE,12590
46.45096,-0.15805,1.19,MIE,12697
46.45854,-0.15858,2.44,BTH,24595
46.4594,-0.15771,2.2,BTH,22176
46.46394,-0.16033,1.56,MIE,16645
46.46558,-0.16064,2.21,MIE,23580
46.47461,-0.1606,9.0,TTH,78120
46.46413,-0.15926,2.68,MIS,28595
46.47238,-0.15906,7.47,MIS,79704
46.35168,-0.14829,5.46,MIE,58258
46.36448,-0.15021,2.36,MIE,25181
46.35338,-0.14993,2.62,BTH,26409
46.34984,-0.14609,3.41,MIE,36384
46.3704,-0.14765,5.12,BTH,51609
46.35298,-0.14587,5.65,BTH,56952
46.36274,-0.1467,3.71,MIE,39585
46.3685,-0.14735,4.99,MIE,53243
46.36614,-0.14549,7.18,MIE,76610
46.37302,-0.15265,4.33,MIS,46201
46.3718,-0.15061,5.08,MIS,54203
46.38176,-0.15294,8.52,TRN,74549
46.37655,-0.15091,2.01,MIS,21446
46.39613,-0.15352,0.65,MIS,6935
46.40164,-0.15277,1.1,CZH,14652
46.40604,-0.15271,5.62,ORH,37710
46.3972,-0.15098,2.17,TRN,18987
46.39954,-0.15265,10.11,CZH,134665
46.37497,-0.14896,5.18,BTH,52214
46.37939,-0.14834,2.56,MIS,27315
46.38438,-0.14889,1.75,MIS,18672
46.37359,-0.14665,1.08,BTH,10886
46.39806,-0.14975,4.93,BTH,49694
46.39622,-0.14856,1.95,BTH,19656
46.40268,-0.14815,1.48,ORH,9930
46.40026,-0.14729,4.46,BTH,44956
46.33915,-0.14285,24.71,TRN,216212
46.34857,-0.1436,11.49,MIS,122598
46.3522,-0.14429,1.51,BTH,15220
46.33497,-0.13961,15.48,BTH,156038
46.3368,-0.13889,3.01,CZH,40093
46.34348,-0.14065,11.24,BTH,113299
46.35041,-0.14113,0.8,MIS,8536
46.34116,-0.13869,11.45,BTH,115416
46.34807,-0.13968,15.07,BTH,151905
46.3801,-0.14614,1.4,MIS,14937
46.38618,-0.14515,2.84,BTH,28627
46.37944,-0.14337,2.27,MIS,24220
46.38366,-0.14488,2.6,BTH,26208
46.39166,-0.14731,7.46,MIS,79598
46.4031,-0.14683,1.58,MCR,15673
46.39348,-0.14398,7.34,TRN,64225
46.40438,-0.14604,1.77,TRN,15487
46.37856,-0.14108,2.59,MIS,27635
46.4023,-0.14472,1.69,TRN,14787
46.38114,-0.14229,0.62,BTH,6249
46.3879,-0.14323,4.62,BTH,46569
46.37385,-0.14078,1.23,MIS,13124
46.3759,-0.14021,8.75,MIS,93362
46.38198,-0.1399,3.88,BTH,39110
46.39104,-0.14211,4.47,BTH,45057
46.39115,-0.14044,2.48,BTH,24998
46.3951,-0.14063,4.83,ORH,32409
46.39798,-0.14086,2.86,BDH,28828
46.45303,-0.14669,1.5,MIE,16004
46.41316,-0.15496,2.62,BTH,26409
46.41646,-0.15438,1.33,BTH,13406
46.42248,-0.15369,6.49,ORH,43547
46.41984,-0.15358,1.54,ORP,10333
46.41158,-0.15298,1.22,BTH,12297
46.41519,-0.15333,2.42,BTH,24393
46.41346,-0.15284,2.33,BTH,23486
46.42462,-0.1522,2.48,MIE,26461
46.43946,-0.15671,3.08,MIE,32863
46.44262,-0.15612,6.5,MIE,69355
46.4079,-0.14885,1.84,ORH,12346
46.4216,-0.14974,2.99,BTH,30139
46.42282,-0.14946,6.53,BTH,65822
46.4248,-0.14929,4.92,ORH,33013
46.4293,-0.15251,8.62,BTH,86889
46.42616,-0.15142,3.86,BTH,38908
46.43552,-0.15233,3.77,BTH,38001
46.43901,-0.15283,1.31,MIE,13977
46.47488,-0.15272,4.81,MIS,51322
46.43718,-0.15232,1.58,MIE,16858
46.42866,-0.14969,4.08,BTH,41126
46.43892,-0.15164,2.17,MIE,23153
46.44817,-0.15652,1.58,MIE,16858
46.44722,-0.15533,1.62,TTH,14061
46.48109,-0.15351,1.64,TTH,14235
46.4564,-0.15745,7.8,MIS,83226
46.45456,-0.1571,3.76,MIS,40119
46.46,-0.15756,1.43,MIE,15258
46.46336,-0.15569,19.81,MIS,211372
46.45344,-0.15531,0.99,BTH,9979
46.45194,-0.15504,5.6,BTH,56447
46.44878,-0.15384,4.19,BTH,42235
46.45928,-0.15509,9.91,BTH,99892
46.44706,-0.15279,1.74,MIE,18565
46.45408,-0.15336,5.0,MIS,53350
46.45357,-0.15192,0.65,MIS,6935
46.47502,-0.15489,4.9,TTH,42532
47.2601,-0.32038,1.21,VRG,9994
46.42212,-0.14765,2.37,ORH,15902
46.42416,-0.14595,4.67,MIE,49828
46.42667,-0.14918,2.23,MIE,23794
46.43433,-0.14868,1.46,MIS,15578
46.42688,-0.14746,2.95,MIE,31476
46.4415,-0.14966,9.61,BTH,96868
46.43697,-0.1477,12.14,BTH,122371
46.4296,-0.14749,4.29,BTH,43243
46.42835,-0.14619,4.26,MLG,13632
46.42134,-0.14488,7.98,CZH,106293
46.4259,-0.14498,2.5,BTH,25200
46.4185,-0.14239,9.15,MIE,97630
46.44398,-0.14657,18.36,CZH,244555
46.42806,-0.14434,9.8,TRN,85750
46.43196,-0.14426,9.13,BTH,92030
46.43358,-0.14429,0.94,MIS,10029
46.42605,-0.14251,1.13,ORH,7582
46.4441,-0.14459,1.55,BTH,15623
46.44483,-0.15012,2.87,BTH,28929
46.45368,-0.14947,2.69,MIS,28702
46.46226,-0.15155,9.85,MIS,105099
46.46094,-0.15035,0.48,MIS,5121
46.45626,-0.14897,22.29,BTH,224683
46.47681,-0.15129,6.65,MIS,70955
46.4652,-0.14755,7.97,MIS,85039
46.44718,-0.14552,9.19,TRN,80412
46.46093,-0.14823,22.33,MIS,238261
46.44922,-0.14459,5.07,MIE,54096
46.46018,-0.14451,7.81,MIS,83332
46.46686,-0.1457,1.51,MIE,16111
46.47128,-0.14487,4.62,MLG,14784
46.46808,-0.14446,1.71,MIS,18245
46.47703,-0.14597,0.57,MLG,1824
46.48048,-0.14585,1.02,MLG,3264
46.51932,-0.1694,2.19,MIS,23367
46.48804,-0.1721,0.71,BTH,7156
46.48982,-0.17177,1.7,ORH,11407
46.48909,-0.17135,0.58,BTH,5846
46.49806,-0.17267,1.1,MLG,3520
46.49118,-0.17165,9.11,TRN,79712
46.48504,-0.16938,2.88,MIE,30729
46.49297,-0.17028,2.06,TTH,17880
46.50308,-0.1721,3.8,MLG,12160
47.19035,-0.25879,0.52,VRC,4367
46.50708,-0.17265,1.21,MIE,12910
46.5107,-0.17367,3.54,BTH,35683
46.5053,-0.17112,4.35,MIE,46414
46.53082,-0.1717,3.9,TRN,34125
46.48365,-0.16821,3.54,TTH,30727
46.4862,-0.16912,2.13,BTH,21470
46.4915,-0.16924,0.79,MIE,8429
46.49388,-0.16911,1.3,MLG,4160
46.4953,-0.16906,3.0,MLG,9600
46.4889,-0.16646,0.02,MIS,213
47.46392,-0.3131,0.9,ORH,6039
46.50826,-0.16898,3.37,BTH,33969
46.51716,-0.17051,2.94,MLG,9408
46.51121,-0.17002,12.41,TRN,108587
46.50938,-0.16947,1.4,MIS,14937
46.53192,-0.1738,2.24,TRN,19600
46.5356,-0.17363,19.1,BTH,192528
46.53872,-0.17528,3.4,TRN,29750
46.54128,-0.17427,3.96,TRN,34650
46.54004,-0.17221,8.03,BTH,80942
46.54383,-0.17247,4.87,TRN,42612
46.52832,-0.16903,5.82,BTH,58665
46.53643,-0.16991,3.85,BTH,38808
46.53638,-0.1713,6.17,BTH,62193
46.54205,-0.1704,3.65,BTH,36792
46.54414,-0.16947,2.43,TRN,21262
46.48531,-0.16498,17.19,MIS,183417
46.49909,-0.16579,0.79,MIE,8429
46.49884,-0.16503,1.09,MLG,3488
46.4904,-0.16435,1.85,ORH,12413
46.4823,-0.16263,4.11,BTH,41428
46.48374,-0.16269,1.6,TRN,14000
46.50646,-0.1672,6.07,BTH,61185
46.5168,-0.16735,2.06,MIS,21980
46.50982,-0.16604,9.99,MIS,106593
46.51422,-0.1664,1.84,TRN,16100
46.51547,-0.16618,3.28,BTH,33062
46.50046,-0.16443,1.01,MLG,3232
46.5059,-0.16336,6.72,BTH,67737
46.48676,-0.16157,2.58,MIS,27528
46.48864,-0.16188,8.54,ORH,57303
46.4955,-0.16207,2.26,MLG,7231
46.48501,-0.16036,5.3,TRN,46375
46.49248,-0.16072,9.0,BTH,90720
46.49935,-0.16139,4.05,BTH,40824
46.49648,-0.16104,2.14,MIE,22833
46.49743,-0.16062,1.97,MIS,21019
46.49926,-0.15986,1.93,MLG,6176
46.49994,-0.16301,0.98,BTH,9878
46.5017,-0.1634,0.96,MLG,3072
46.5104,-0.16322,0.7,MIE,7468
46.50422,-0.16162,0.81,TTH,7030
46.51657,-0.16147,2.4,TRN,21000
46.51515,-0.16137,4.49,BTH,45259
46.51847,-0.16742,3.5,TRN,30625
46.53476,-0.16636,6.41,TRN,56087
46.52876,-0.16561,4.08,MIE,43533
46.53722,-0.16867,5.0,BTH,50400
46.54004,-0.16805,5.3,MIE,56551
46.54392,-0.1679,5.96,TRN,52150
46.55226,-0.16797,1.69,MIE,18032
46.54002,-0.16679,6.0,BTH,60480
46.54884,-0.16708,3.95,BTH,39816
46.55427,-0.16732,8.28,BTH,83462
46.52109,-0.16283,9.68,BTH,97574
46.53068,-0.16522,2.85,BTH,28728
46.53369,-0.1646,3.0,TTH,26040
46.52954,-0.16386,3.27,TTH,28383
46.5351,-0.16427,3.11,ORH,20868
46.53178,-0.16251,2.48,MLG,7936
46.53436,-0.16233,0.85,MIS,9069
46.53696,-0.16519,2.7,BTH,27216
46.53842,-0.16456,5.87,BTH,59169
46.5446,-0.16497,2.23,MIS,23794
46.54896,-0.16472,0.68,BTH,6854
46.55049,-0.16304,8.34,MIE,88987
46.55974,-0.17552,2.17,PTC,25519
46.5693,-0.17619,6.02,TTH,52253
46.55862,-0.17484,2.0,MIS,21340
46.58661,-0.17785,5.06,BTH,51004
46.58872,-0.17782,1.55,MCR,15376
46.58204,-0.17534,10.85,BTH,109368
46.585,-0.17552,11.78,BTH,118742
46.58944,-0.17589,2.01,ORH,13487
46.58874,-0.17563,0.65,MCR,6448
46.56836,-0.17323,3.09,BTH,31147
46.57164,-0.1735,7.78,MIE,83012
46.5563,-0.17096,5.35,MLG,17120
46.56089,-0.17204,2.7,MLG,8640
46.57966,-0.174,3.81,BTH,38404
46.574,-0.17053,8.05,MIE,85893
46.58846,-0.17343,2.07,MCR,20534
46.5929,-0.17699,0.94,MCR,9324
46.59387,-0.17634,6.24,CZH,83116
46.5987,-0.17753,2.05,SOG,20336
46.6068,-0.17966,2.85,MIS,30409
46.52827,-0.15112,0.77,BTH,7761
46.60882,-0.17794,1.86,MIE,19846
46.61448,-0.17938,1.74,MIE,18565
46.62676,-0.1811,6.22,MIE,66367
46.6141,-0.17817,1.32,MIE,14084
46.60152,-0.1748,1.77,TTH,15363
46.62372,-0.17921,4.16,BTH,41932
46.62293,-0.17786,2.44,TTH,21179
46.5951,-0.175,3.6,TTH,31248
46.60462,-0.17533,2.14,TTH,18575
46.60772,-0.17574,0.89,MIE,9496
46.59535,-0.17259,4.94,TTH,42879
46.60129,-0.17378,2.17,TTH,18835
46.60548,-0.17357,1.64,MIE,17498
46.61709,-0.17556,4.48,ORH,30060
46.62257,-0.17634,2.57,TTH,22307
46.62635,-0.17699,0.77,MIE,8215
46.61933,-0.17452,5.2,ORH,34892
46.62433,-0.174,3.07,TTH,26647
46.55841,-0.16931,3.88,BTH,39110
46.56103,-0.17014,4.38,MLG,14016
46.55694,-0.16689,13.43,BTH,135374
46.5604,-0.16725,1.4,BTH,14111
46.5627,-0.16779,0.27,PTC,3175
46.56566,-0.16894,5.4,BTH,54432
46.57079,-0.16896,3.1,TTH,26908
46.56772,-0.16718,3.5,BTH,35279
46.58558,-0.171,6.41,MIE,68394
46.585,-0.16942,7.47,TTH,64839
46.55844,-0.16629,5.18,MIS,55270
46.56122,-0.16679,5.16,MIS,55057
46.56584,-0.16462,8.22,BTH,82857
46.56248,-0.16497,4.14,CZH,55144
46.55592,-0.16369,3.99,TRN,34912
46.56774,-0.16428,4.02,BTH,40521
46.57836,-0.16732,7.49,BTH,75499
46.58916,-0.16707,6.01,BTH,60580
46.58739,-0.1667,1.05,BTH,10584
46.57398,-0.16521,5.24,TTH,45483
46.59077,-0.16641,3.71,BTH,37396
46.60166,-0.17177,2.07,TTH,17967
46.59413,-0.17068,8.67,TTH,75255
46.59762,-0.17009,1.73,SOG,17161
46.6022,-0.1698,2.26,TTH,19616
46.6106,-0.17217,2.24,TTH,19443
46.61362,-0.17296,2.24,BTH,22579
46.59828,-0.1672,1.5,BTH,15120
47.71086,-0.33501,0.11,MLG,352
46.5987,-0.16556,1.95,BTH,19656
46.60314,-0.16695,1.49,SOG,14780
46.49764,-0.15984,1.01,MIE,10776
46.61271,-0.1675,0.87,TTH,7551
46.61968,-0.16716,2.95,ORH,19794
46.62598,-0.16784,3.19,TTH,27689
46.48147,-0.15874,3.65,BTH,36792
46.4845,-0.15864,5.46,BTH,55036
46.51552,-0.15885,1.8,TRN,15750
46.49267,-0.15873,2.64,MLG,8448
46.48164,-0.15631,2.78,MLG,8895
46.48346,-0.15712,7.2,BTH,72576
46.49045,-0.15708,4.09,ORH,27443
46.48886,-0.15677,0.31,MIS,3307
46.49155,-0.15655,3.08,TRN,26950
46.49833,-0.15692,1.45,MLG,4640
46.49909,-0.15709,1.12,MLG,3584
46.50559,-0.15987,1.86,TTH,16144
46.50003,-0.15857,2.27,MLG,7264
46.51248,-0.1598,5.41,BTH,54532
46.50272,-0.15722,1.41,MIS,15044
46.50032,-0.15678,1.72,MLG,5504
46.51765,-0.15904,6.21,TRN,54337
46.51232,-0.15874,6.99,MIS,74583
46.51626,-0.15741,1.12,TRN,9800
46.48768,-0.15565,2.0,ORH,13420
46.48764,-0.1566,8.69,BTH,87595
46.49056,-0.15488,2.94,TRN,25725
46.48382,-0.15392,5.26,BTH,53020
46.48924,-0.15483,0.7,MIS,7468
46.49348,-0.15616,2.72,MIE,29022
46.49204,-0.15476,3.24,BTH,32659
46.502,-0.15551,1.97,TTH,17099
46.49443,-0.15446,2.71,MIS,28915
46.4975,-0.1546,0.7,MIS,7468
46.49345,-0.15285,1.19,TRN,10412
46.49546,-0.15351,1.83,MIS,19526
46.52602,-0.16089,4.78,MLG,15296
46.51493,-0.15665,2.16,BTH,21772
46.51137,-0.15601,1.99,MLG,6368
46.50392,-0.15434,2.36,MLG,7552
46.50486,-0.15452,1.6,ORP,10736
46.51266,-0.15434,6.8,TRN,59500
46.51045,-0.15429,3.46,MIE,36918
46.5196,-0.16009,1.22,TRN,10674
46.53122,-0.16129,0.86,MLG,2752
46.53546,-0.161,3.05,TRN,26687
46.53414,-0.16063,5.58,ORH,37441
46.52114,-0.15873,4.48,TRN,39200
46.51866,-0.15866,2.27,TRN,19862
46.52346,-0.15981,4.07,BTH,41025
46.52842,-0.15948,3.43,MLG,10976
46.53148,-0.1593,3.09,TTH,26821
46.5377,-0.16109,2.73,BTH,27518
46.5503,-0.16222,0.86,MIE,9176
46.5357,-0.15825,1.15,TTH,9982
46.52539,-0.15622,3.67,BTH,36993
46.55316,-0.16288,2.88,MIE,30729
46.55128,-0.16035,1.83,MIE,19526
46.52176,-0.15643,7.61,BTH,76708
46.53,-0.15772,2.5,MLG,8000
46.5333,-0.15848,9.1,TRN,79625
46.51864,-0.15485,6.07,ORP,40729
46.5276,-0.15511,6.05,CZH,80586
46.53662,-0.15682,1.48,TRN,12950
46.548,-0.15908,5.13,BTH,51710
46.54952,-0.16007,4.34,MIE,46307
46.5538,-0.15967,1.97,TRN,17237
46.54769,-0.15797,3.71,MIE,39585
46.55289,-0.15871,3.01,BTH,30340
46.54015,-0.15664,9.67,BTH,97473
46.5502,-0.15642,11.02,CZH,146786
46.54672,-0.15618,4.03,CZH,53679
46.48516,-0.15129,7.53,BTH,75902
46.48847,-0.15103,0.99,BTH,9979
46.4907,-0.15259,3.28,MIS,34997
46.4983,-0.1521,0.9,TRN,7875
46.49619,-0.15207,5.09,MIS,54310
46.48582,-0.14912,5.02,TRN,43925
46.49008,-0.14986,8.03,MIS,85680
46.49418,-0.15107,5.01,BTH,50500
46.49734,-0.151,2.8,TRN,24500
46.499,-0.14996,3.26,BTH,32860
46.506,-0.15308,2.84,TRN,24850
46.50532,-0.15273,2.52,TTH,21873
46.50138,-0.15226,2.4,MIE,25608
46.675,-0.25917,1.46,BTH,14716
46.51331,-0.15265,4.0,TRN,35000
46.50438,-0.15142,2.74,BTH,27619
46.50344,-0.15094,1.39,MLG,4447
46.50083,-0.15078,0.9,MIE,9603
46.50207,-0.15008,2.18,BTH,21974
46.51003,-0.15149,1.16,BTH,11692
46.51498,-0.15106,10.04,BTH,101203
46.4833,-0.14918,1.73,TTH,15016
46.53126,-0.15184,1.13,BTH,11390
46.48782,-0.14871,4.64,BTH,46771
46.4924,-0.14888,3.47,TRN,30362
46.49342,-0.14852,3.44,BTH,34675
46.49512,-0.14883,6.11,ORH,40998
46.49848,-0.14729,12.98,CZH,172893
46.50892,-0.15024,1.5,MLG,4800
46.50078,-0.14875,3.97,MIS,42359
46.50424,-0.14905,2.7,TTH,23436
46.51182,-0.14995,2.54,MIS,27101
46.50219,-0.14838,2.62,BTH,26409
46.50188,-0.14763,0.22,BTH,2217
46.50368,-0.14727,4.19,MLG,13408
46.50922,-0.14875,3.8,TRN,33250
46.52563,-0.15437,4.1,BTH,41327
46.53144,-0.15397,0.95,TRN,8312
46.52128,-0.15327,10.11,BTH,101908
46.52256,-0.15214,4.3,BTH,43344
46.52758,-0.15281,4.12,BTH,41529
46.5316,-0.15288,2.25,TTH,19530
46.53264,-0.15188,0.43,MIE,4588
46.5452,-0.15569,0.78,CZH,10389
46.53348,-0.15146,1.1,MIE,11737
46.53452,-0.15108,1.66,BTH,16732
46.52804,-0.15023,1.57,TTH,13627
46.53128,-0.15077,1.92,MIE,20486
46.52133,-0.14915,1.72,BTH,17337
46.5219,-0.14803,3.09,CZH,41158
46.55348,-0.15605,3.92,TRN,34300
46.54769,-0.15456,2.67,CZH,35564
46.55451,-0.15504,3.14,BTH,31651
46.55361,-0.15373,0.63,MLG,2016
46.5527,-0.153,1.24,BTH,12499
46.52537,-0.15155,6.38,MIS,68074
46.5256,-0.15055,7.51,CZH,100033
46.5263,-0.14859,7.37,MIS,78637
46.53077,-0.1489,2.2,MIE,23474
46.53322,-0.1495,3.61,MIE,38518
46.54966,-0.15285,13.78,BTH,138902
46.55494,-0.15233,8.7,MLG,27840
46.54595,-0.1504,2.03,BTH,20462
46.53735,-0.14945,5.12,BTH,51609
46.55268,-0.14997,5.54,ORH,37173
46.55864,-0.16323,5.08,BTH,51206
46.56113,-0.16326,2.56,TRN,22400
46.55754,-0.16205,0.54,MIS,5761
46.5641,-0.1629,3.56,BTH,35884
46.55638,-0.16062,2.26,MLG,7231
46.55893,-0.16067,6.84,MIS,72982
46.56728,-0.16227,4.93,CZH,65667
46.57426,-0.16338,1.27,MCR,12598
46.5825,-0.16419,3.42,MIS,36491
46.58441,-0.16469,3.13,TTH,27168
46.58222,-0.16205,4.76,MLG,15232
46.58951,-0.16213,12.95,MIE,138176
46.56603,-0.16053,4.05,CZH,53946
46.55704,-0.15718,6.37,MIE,67967
46.5551,-0.1575,4.68,MLG,14976
46.56486,-0.15849,5.0,CZH,66600
46.57706,-0.15873,6.05,TTH,52513
46.58572,-0.1593,5.44,BTH,54835
46.58359,-0.15838,4.08,MIE,43533
46.59652,-0.16432,2.01,TTH,17446
46.60562,-0.16483,2.35,MCR,23312
46.59938,-0.16369,3.24,TTH,28123
46.60574,-0.1635,4.94,SOG,49004
46.61792,-0.16705,3.68,TTH,31942
46.61834,-0.1636,2.79,ORH,18720
46.62828,-0.16477,2.35,TTH,20398
46.59926,-0.16171,1.6,FLA,32000
46.61015,-0.16144,6.02,SOG,59718
46.6237,-0.16241,4.76,BTH,47980
46.62456,-0.16331,9.2,TRN,80500
46.62096,-0.16158,2.69,BTH,27115
46.55877,-0.15617,5.45,BTH,54936
46.5624,-0.15529,6.39,TTH,55465
46.55704,-0.15345,3.41,BTH,34372
46.56415,-0.15557,8.75,TRN,76562
46.5767,-0.15678,8.77,MIE,93575
46.58136,-0.15776,1.86,MIE,19846
46.58143,-0.15606,1.99,MLG,6368
46.58317,-0.15657,1.6,MLG,5120
46.59,-0.15623,4.43,MCR,43945
46.58372,-0.15485,3.04,TTH,26387
46.55862,-0.15309,5.16,BTH,52012
46.55612,-0.15187,5.48,ORH,36770
46.55756,-0.15109,3.03,BTH,30542
46.55894,-0.14962,3.09,BTH,31147
46.57534,-0.15391,2.0,TTH,17360
46.5809,-0.15387,2.77,MLG,8864
46.57412,-0.15245,3.99,TTH,34633
46.58682,-0.15464,1.61,MCR,15971
46.58582,-0.1542,1.29,MCR,12796
46.5896,-0.15476,2.83,MCR,28073
46.58849,-0.15389,1.65,MCR,16368
46.58008,-0.15332,3.83,MLG,12256
46.57848,-0.15144,4.3,MLG,13760
46.58589,-0.15299,0.9,MCR,8928
46.59082,-0.15323,3.42,MCR,33926
46.59388,-0.15597,1.17,MCR,11606
46.61016,-0.158,6.83,TTH,59284
46.62502,-0.15826,5.5,BTH,55440
46.62682,-0.15858,4.25,TTH,36890
46.74408,-0.25153,0.62,ORH,4160
46.59452,-0.15358,2.6,MIE,27742
46.60924,-0.15423,3.02,TTH,26213
46.60111,-0.15295,3.08,SOG,30553
46.6107,-0.1565,7.26,TTH,63016
46.61502,-0.15602,2.58,ORH,17311
46.61949,-0.15541,3.09,BTH,31147
46.61498,-0.15435,4.24,ORH,28450
46.62306,-0.15434,6.26,ORH,42004
46.6269,-0.25542,4.0,BTH,40320
46.62852,-0.15488,11.1,MIE,118437
46.65432,-0.25712,3.0,MIE,32010
46.68101,-0.26352,3.22,ORP,21606
46.6718,-0.26248,3.08,MIE,32863
46.67306,-0.26114,4.02,MIE,42893
46.68698,-0.26486,4.29,TTH,37237
46.68922,-0.26364,3.64,VRG,30066
46.6915,-0.26423,1.24,VRG,10242
46.69508,-0.26446,11.56,TTH,100340
46.68526,-0.26313,3.25,TTH,28210
46.68168,-0.26108,2.81,MIE,29982
46.67536,-0.25923,0.69,TRN,6037
46.67608,-0.2583,2.08,TRN,18200
46.67612,-0.25792,2.48,BTH,24998
46.68698,-0.26099,2.3,BDH,23184
46.68758,-0.26088,0.29,VRG,2395
46.6878,-0.26132,1.21,BDH,12196
46.68824,-0.26176,1.97,VRG,16272
46.6829,-0.25965,2.0,MIE,21340
46.68538,-0.26043,7.3,VRG,60297
46.69538,-0.26138,3.92,MIE,41826
46.69768,-0.25988,4.97,ORH,33348
46.63322,-0.25444,3.7,BTH,37296
46.62956,-0.25359,0.91,BTH,9172
46.63116,-0.25363,5.55,MIE,59218
46.62832,-0.25255,2.11,BTH,21268
46.6291,-0.25228,0.95,BTH,9575
46.62815,-0.24799,5.2,BTH,52416
46.67822,-0.25746,3.14,ORP,21069
46.69382,-0.25743,3.03,VRG,25027
46.69652,-0.25776,6.08,VRG,50220
46.69854,-0.25774,1.47,CZH,19580
46.69412,-0.25442,10.25,VRG,84664
46.68826,-0.25172,6.14,MIE,65513
46.69408,-0.25217,3.98,VRG,32874
46.70256,-0.26465,2.11,MLG,6752
46.71748,-0.2649,0.96,MIE,10243
46.71005,-0.26314,2.17,MIE,23153
46.71932,-0.26632,14.25,TTH,123690
46.73566,-0.2663,5.51,MIE,58791
46.72968,-0.26466,4.19,TTH,36369
46.70926,-0.26,3.96,BTH,39916
46.71083,-0.25994,1.55,BTH,15623
46.7184,-0.26305,1.28,TTH,11110
46.74464,-0.26679,1.7,TTH,14755
46.73724,-0.26566,2.56,TTH,22220
46.74976,-0.26719,3.15,MIE,33610
46.74746,-0.26301,4.69,MIE,50042
46.70972,-0.25651,1.39,MIE,14831
46.72044,-0.2579,2.42,MIE,25821
46.73418,-0.25822,4.67,TTH,40535
46.70894,-0.25502,3.36,MIE,35851
46.70965,-0.25576,1.3,MIE,13871
46.74547,-0.26084,3.14,TTH,27255
46.7376,-0.25935,3.26,TTH,28296
46.77276,-0.26264,1.89,TTH,16405
46.77119,-0.25798,4.45,MIS,47481
46.73694,-0.25761,3.83,TTH,33244
46.73826,-0.25543,3.57,TTH,30987
46.62808,-0.24365,2.64,TTH,22915
46.69595,-0.25212,2.92,CZH,38894
46.68925,-0.2493,2.0,MIE,21340
46.66378,-0.24407,0.75,VRG,6195
46.63407,-0.23488,5.85,MCR,58032
46.69325,-0.24236,0.1,VRG,826
46.6926,-0.24014,3.54,VRG,29240
46.72548,-0.25203,2.76,TTH,23956
46.73026,-0.2513,3.27,MIE,34890
46.73684,-0.25137,3.23,TTH,28036
47.09266,-0.23545,0.49,VRC,4116
46.72467,-0.2485,1.07,MIE,11416
46.72751,-0.24862,2.49,MIE,26568
46.77327,-0.25403,4.27,BTH,43041
46.76611,-0.25226,5.71,BTH,57556
46.76663,-0.24981,3.71,TTH,32202
46.76904,-0.25003,3.93,TTH,34112
47.1264,-0.24197,0.41,VRC,3444
46.71494,-0.24499,1.01,MLG,3232
46.71304,-0.24362,3.28,BTH,33062
46.72678,-0.24687,2.77,MIE,29555
46.732,-0.2458,7.18,TTH,62322
46.97,-0.27324,4.64,BTH,46771
46.72609,-0.24424,2.86,MIE,30516
46.71124,-0.24213,2.89,ORP,19391
46.70524,-0.24002,3.37,TRN,29487
46.72424,-0.24166,2.98,TTH,25866
46.7269,-0.24217,0.74,MIE,7895
46.73038,-0.24343,1.9,ORH,12748
46.73282,-0.24362,2.61,ORH,17513
46.75412,-0.2464,12.31,BTH,124084
46.74515,-0.2416,0.94,ORH,6307
46.74036,-0.24561,1.27,BTH,12801
46.74176,-0.24455,3.13,ORH,21002
46.76616,-0.2478,2.17,TTH,18835
46.76756,-0.2467,2.42,TTH,21005
46.73714,-0.24353,1.01,BTH,10180
46.74415,-0.24325,0.98,ORH,6575
46.73913,-0.24181,12.99,BTH,130939
46.75876,-0.24432,2.08,MCR,20633
46.7771,-0.27043,11.96,BTH,120556
46.78428,-0.26926,1.63,TTH,14148
46.78751,-0.26982,1.36,TTH,11804
46.78526,-0.26794,2.33,BTH,23486
46.79116,-0.26861,3.54,TTH,30727
46.79322,-0.27095,3.53,MIE,37665
46.77468,-0.26362,5.09,BTH,51307
46.79018,-0.26605,4.19,MIE,44707
46.79122,-0.26532,1.76,MIE,18779
46.7991,-0.26746,3.9,MLG,12480
46.79536,-0.26564,1.51,MLG,4832
46.79238,-0.26409,2.24,MIE,23900
47.12562,-0.24158,0.3,VRC,2519
46.8215,-0.2712,3.16,BTH,31852
46.82588,-0.27177,3.49,BTH,35179
46.82394,-0.27011,6.67,BTH,67233
46.83636,-0.27234,3.0,TTH,26040
47.01482,-0.27318,2.9,MCR,28768
46.84578,-0.27267,5.84,MIE,62312
46.82706,-0.26774,5.75,MIE,61352
46.817,-0.26633,2.93,CZH,39027
46.8334,-0.26862,0.97,ORH,6508
46.84418,-0.27003,1.35,MIE,14404
46.784,-0.26277,0.93,TTH,8072
46.77576,-0.26069,5.59,ORH,37508
46.80682,-0.26403,10.72,ORH,71931
46.79448,-0.26208,2.62,MLG,8384
46.7976,-0.26202,3.62,TRN,31675
46.77356,-0.25915,7.34,CZH,97768
46.78184,-0.25899,7.48,TRN,65450
46.79111,-0.26052,4.35,MIE,46414
46.79067,-0.25882,2.62,BTH,26409
46.79233,-0.26041,0.87,MLG,2784
46.79416,-0.26041,0.34,MLG,1088
46.79292,-0.25908,1.53,BTH,15422
46.80808,-0.25893,6.39,ORH,42876
46.81867,-0.26445,3.84,CZH,51148
46.81472,-0.26382,2.97,BTH,29937
46.83193,-0.26564,4.3,TTH,37324
46.83265,-0.26548,3.16,TTH,27428
46.83643,-0.2658,1.29,BTH,13003
46.83686,-0.26451,1.69,BTH,17035
46.83856,-0.26385,2.24,BTH,22579
46.84207,-0.26421,4.57,TTH,39667
46.81686,-0.26227,1.21,BTH,12196
46.81513,-0.26204,1.73,BTH,17438
46.82514,-0.2623,1.52,BTH,15321
46.81145,-0.26,6.67,TTH,57895
46.815,-0.25983,0.66,TTH,5728
46.81508,-0.2589,1.03,MIS,10990
46.81694,-0.25974,1.29,TTH,11197
46.81762,-0.25925,1.68,TRN,14700
46.82276,-0.26033,1.53,MCR,15177
46.82918,-0.2613,2.47,TTH,21439
46.85582,-0.27361,2.73,TTH,23696
46.85856,-0.27398,0.84,TRN,7350
46.85059,-0.27278,1.05,ORH,7045
46.87202,-0.27476,2.69,MLG,8608
46.92654,-0.26492,1.28,TRN,11200
46.85834,-0.27289,1.12,TRN,9800
46.86513,-0.27245,2.13,BTH,21470
46.85842,-0.27093,0.3,TRN,2625
46.88262,-0.27639,3.3,MIE,35211
46.8839,-0.27419,1.54,BTH,15523
46.87889,-0.27353,6.19,BTH,62395
46.87708,-0.27312,1.96,BTH,19756
46.8502,-0.27103,8.71,MIE,92935
46.85458,-0.26894,1.01,BTH,10180
46.85319,-0.268,0.62,BTH,6249
46.85773,-0.26941,1.1,TRN,9625
46.86266,-0.27084,3.08,MCR,30553
46.86418,-0.26947,3.32,BTH,33465
46.85784,-0.26868,0.12,TRN,1050
46.86784,-0.27143,2.8,SOG,27776
46.91588,-0.27645,0.49,TRN,4287
46.88054,-0.27252,7.72,MIE,82372
46.88232,-0.27169,17.22,TRN,150674
46.87089,-0.26983,1.29,SOG,12796
46.86659,-0.26903,1.85,TTH,16058
46.8675,-0.26895,1.49,TTH,12933
46.89115,-0.27637,1.0,BTH,10080
46.8955,-0.27772,6.31,MIS,67327
46.89866,-0.27619,7.32,BTH,73785
46.89324,-0.27515,9.74,BTH,98179
46.89659,-0.27446,3.01,BTH,30340
46.90837,-0.27746,6.04,BTH,60883
46.91746,-0.27807,0.4,TRN,3500
46.88795,-0.27375,3.37,MIE,35957
46.89205,-0.27389,0.78,BTH,7862
46.89086,-0.27298,1.33,MIE,14191
46.88491,-0.27179,0.75,TTH,6510
46.88952,-0.27226,8.36,BTH,84268
46.89187,-0.27246,1.49,TTH,12933
46.90241,-0.27317,4.07,TRN,35612
46.88646,-0.27143,1.08,TRN,9450
46.89108,-0.27123,0.97,TTH,8419
46.89536,-0.27194,11.07,BTH,111585
46.90668,-0.27356,8.83,BTH,89006
46.91534,-0.27506,3.38,CZH,45021
46.91318,-0.27371,0.91,BTH,9172
46.9091,-0.27279,3.34,MLG,10688
46.90526,-0.27081,10.43,BTH,105134
46.91268,-0.27274,2.37,ORH,15902
46.85403,-0.26666,1.06,BTH,10684
46.86172,-0.26794,3.42,BTH,34473
46.85674,-0.26682,1.44,TTH,12499
46.8574,-0.26708,0.21,TTH,1822
46.87909,-0.26954,1.63,BTH,16430
46.86434,-0.26724,4.86,BTH,48988
46.86324,-0.2665,0.7,BTH,7055
46.8709,-0.2686,3.83,SOG,37993
46.86776,-0.26753,1.84,TTH,15971
46.87762,-0.2679,4.47,BTH,45057
46.87221,-0.2675,1.32,SOG,13094
46.86869,-0.26596,3.42,BTH,34473
46.8768,-0.26625,6.04,BTH,60883
46.84814,-0.26363,5.2,MIE,55484
46.85122,-0.26378,2.97,MIE,31689
46.86215,-0.26501,1.88,BTH,18950
46.86038,-0.26409,0.18,BTH,1814
46.86247,-0.26372,0.25,TRN,2187
46.85214,-0.26225,2.83,MIE,30196
46.86251,-0.26276,0.79,TRN,6912
46.86614,-0.26542,5.39,MCR,53468
46.86998,-0.26503,1.43,TRN,12512
46.87322,-0.26474,9.03,MLG,28896
46.88244,-0.26543,21.8,SOG,216256
46.8711,-0.26312,3.68,MLG,11776
46.86864,-0.26327,15.5,MIS,165385
46.8722,-0.26342,7.04,BTH,70963
46.88405,-0.2694,4.98,BTH,50198
46.88746,-0.26954,5.31,MIE,56657
46.89309,-0.27076,5.17,BTH,52113
46.88654,-0.26675,1.47,TTH,12759
46.8934,-0.26693,6.07,BTH,61185
46.88962,-0.26718,2.51,SOG,24899
46.91436,-0.27096,1.23,BTH,12398
46.90406,-0.26795,10.62,BTH,107049
46.91332,-0.26933,3.11,MLG,9952
46.912,-0.26862,0.82,TRN,7174
46.89187,-0.26585,4.75,TTH,41230
46.8889,-0.26537,2.52,TTH,21873
46.90203,-0.26677,8.11,BTH,81748
46.92008,-0.26811,7.84,MIE,83652
46.91706,-0.26551,0.24,MCR,2380
46.77949,-0.25612,4.9,BTH,49391
46.77438,-0.2553,3.06,BTH,30844
46.78626,-0.25688,3.94,TTH,34199
46.79164,-0.256,3.38,TTH,29338
46.78184,-0.25445,2.25,ORH,15097
46.78764,-0.2555,2.27,TTH,19703
46.79511,-0.25728,1.69,TTH,14669
46.80113,-0.25804,1.98,ORP,13285
46.80459,-0.25808,3.64,TTH,31595
46.80868,-0.25763,3.41,ORH,22881
46.79358,-0.25465,0.98,TTH,8506
46.79854,-0.25487,1.38,MLG,4415
46.80962,-0.2558,2.59,BTH,26107
46.77437,-0.25248,0.45,BTH,4536
46.7746,-0.24963,4.06,MIS,43320
46.7923,-0.25314,6.02,TRN,52675
46.8074,-0.25294,2.5,ORH,16775
46.81486,-0.25799,1.57,TTH,13627
46.81916,-0.25858,4.0,MLG,12800
46.8204,-0.25793,1.22,MLG,3904
46.82132,-0.25849,1.28,MLG,4096
46.81381,-0.25677,5.59,MIS,59645
46.8179,-0.25664,4.96,MLG,15872
46.82926,-0.25749,2.64,BTH,26611
46.81083,-0.25464,2.7,ORH,18117
46.81769,-0.25493,7.76,MIE,82799
46.81391,-0.25348,3.73,MLG,11936
46.82028,-0.25567,2.68,BTH,27014
46.82418,-0.2561,0.94,MLG,3008
46.82054,-0.25454,1.67,BTH,16833
46.82334,-0.25432,2.17,MLG,6944
46.81174,-0.2531,0.02,MCR,198
46.81499,-0.25347,1.3,MLG,4160
46.81784,-0.25332,1.96,TRN,17150
46.8204,-0.2528,3.09,ORH,20733
46.84645,-0.25717,1.0,TTH,8680
46.84528,-0.25645,2.69,MIE,28702
46.83076,-0.25497,0.67,MLG,2144
46.84614,-0.25581,2.05,MIE,21873
46.8475,-0.25592,2.23,MLG,7136
46.84314,-0.25488,0.39,TTH,3385
46.8441,-0.2545,0.03,MIE,320
46.84365,-0.25433,0.59,MIE,6295
46.79581,-0.25058,2.65,TRN,23187
46.80878,-0.25015,2.56,ORH,17177
46.81028,-0.2485,5.9,MLG,18880
46.79426,-0.24461,5.94,ORH,39857
46.80822,-0.24577,5.8,MLG,18560
46.81228,-0.25246,3.99,MCR,39580
46.81938,-0.25239,0.44,TRN,3850
46.81436,-0.25062,1.26,MLG,4032
46.8233,-0.25261,1.97,TTH,17099
46.81653,-0.24943,5.6,MIE,59751
46.8213,-0.24969,7.65,TRN,66937
46.84537,-0.25365,2.48,MLG,7936
46.843,-0.25253,0.39,MIE,4161
46.84344,-0.25329,2.27,MIE,24220
46.83671,-0.25061,1.29,TTH,11197
46.84294,-0.25145,2.07,BTH,20865
46.81804,-0.24829,2.19,TRN,19162
46.82416,-0.24814,3.52,TTH,30553
46.82015,-0.24804,0.86,BTH,8668
46.81621,-0.24718,4.15,TTH,36022
46.8169,-0.24558,1.32,SOG,13094
46.82294,-0.24735,0.64,BTH,6451
46.8449,-0.25061,10.31,BTH,103924
46.8421,-0.24955,7.44,BTH,74995
46.84503,-0.2489,2.55,BTH,25704
46.842,-0.24665,3.13,BTH,31550
46.8501,-0.26095,1.4,MIE,14937
46.8622,-0.26058,2.51,TRN,21962
46.84772,-0.25868,2.67,CZH,35564
46.87021,-0.26086,3.04,MIS,32436
46.8792,-0.26204,2.66,BTH,26812
46.87502,-0.26014,6.13,CZH,81651
46.88124,-0.26094,7.97,ORH,53478
46.87782,-0.26003,0.99,CZH,13186
46.88035,-0.25899,2.15,MLG,6880
46.84726,-0.25711,0.76,MIE,8109
46.85056,-0.25622,2.74,BTH,27619
46.85236,-0.25736,1.31,TTH,11370
46.8893,-0.26294,1.65,SOG,16368
46.86268,-0.25769,3.44,MLG,11008
46.85351,-0.25586,2.28,ORH,15298
46.84858,-0.25465,3.87,MLG,12384
46.86576,-0.25848,15.29,BTH,154123
46.87268,-0.25911,2.98,BTH,30038
46.87128,-0.25605,1.82,BTH,18345
46.89106,-0.26342,7.04,MIE,75116
47.12924,-0.24178,1.48,VRC,12431
46.89766,-0.26358,4.14,TTH,35935
46.8899,-0.26006,0.59,TTH,5121
46.89972,-0.26216,7.04,TRN,61600
46.91877,-0.26307,2.4,MIE,25608
46.89474,-0.2606,5.9,ORH,39589
46.89788,-0.26102,3.19,TTH,27689
46.9181,-0.26457,2.79,TRN,24412
46.91712,-0.26415,1.18,BTH,11894
46.92012,-0.26389,1.01,BTH,10180
46.91608,-0.26294,1.1,MLG,3520
46.92096,-0.263,1.34,BTH,13507
46.88806,-0.25889,5.01,TTH,43486
46.8972,-0.25981,1.14,TRN,9974
46.86349,-0.25467,4.3,TTH,37324
46.70923,-0.21366,4.01,BTH,40420
46.89668,-0.25747,13.34,CZH,177688
46.89404,-0.25783,0.66,TRN,5775
46.91271,-0.26085,2.28,ORH,15298
46.91922,-0.26159,5.45,BTH,54936
46.91496,-0.25979,4.19,BTH,42235
46.92038,-0.2609,4.9,BTH,49391
46.91831,-0.25843,2.59,BTH,26107
46.8534,-0.25399,2.29,TTH,19877
46.85014,-0.25286,3.26,CZH,43423
46.84804,-0.25261,2.83,BTH,28526
46.8504,-0.25143,1.61,SOG,15971
46.85325,-0.25153,1.08,SOG,10713
46.87396,-0.25532,7.91,ORH,53076
46.86958,-0.25443,7.02,BTH,70761
46.8657,-0.25413,7.15,BTH,72072
46.87131,-0.25375,3.18,TTH,27602
46.86576,-0.25132,3.45,BTH,34776
46.85062,-0.24863,23.81,BTH,240004
46.8728,-0.25199,4.91,TRN,42962
46.87507,-0.25195,1.4,ORH,9394
46.87168,-0.24896,1.18,ORH,7917
46.8895,-0.25622,1.33,TTH,11544
46.8936,-0.25645,2.07,TRN,18112
46.90052,-0.25707,10.8,TRN,94500
46.91024,-0.25721,1.39,TTH,12065
46.91321,-0.25757,2.59,TRN,22662
46.91805,-0.25706,1.88,BTH,18950
46.90468,-0.25553,1.1,TTH,9548
46.91248,-0.25683,4.38,BTH,44150
46.89286,-0.2535,4.96,CZH,66067
46.8957,-0.25436,14.01,CZH,186613
46.89168,-0.25004,4.19,CZH,55810
46.91115,-0.25467,2.47,TTH,21439
46.90311,-0.25307,2.5,CZH,33300
46.90778,-0.25367,12.99,BTH,130939
46.91921,-0.25457,6.81,BTH,68644
46.92092,-0.25408,5.61,BTH,56548
46.91751,-0.25408,1.91,BTH,19252
46.90454,-0.25311,3.71,BTH,37396
46.90874,-0.2528,1.6,TTH,13888
46.90407,-0.25115,1.47,TRN,12862
46.63824,-0.23207,0.83,MIE,8856
46.62944,-0.23052,3.68,MIE,39265
46.63994,-0.23084,2.27,TTH,19703
46.69402,-0.23842,3.5,TTH,30380
46.64191,-0.23002,2.32,BTH,23385
46.6336,-0.22954,4.17,TTH,36195
46.64038,-0.22926,3.45,BTH,34776
46.6867,-0.23738,2.46,TTH,21352
46.68658,-0.23605,1.91,TRN,16712
46.69874,-0.23821,10.34,MIE,110327
46.6903,-0.23624,4.58,MIE,48868
46.68613,-0.23435,2.51,TRN,21962
46.6946,-0.23633,3.57,TTH,30987
46.68048,-0.23285,20.21,BTH,203716
46.68915,-0.23538,5.06,MIE,53990
46.68404,-0.23359,5.57,MIE,59431
46.69793,-0.23369,10.95,TRN,95812
46.68408,-0.23123,0.94,MIS,10029
46.6877,-0.23147,1.36,MLG,4352
46.6269,-0.22747,4.69,MIE,50042
46.63984,-0.22783,3.12,BTH,31449
46.62842,-0.22515,1.36,MIE,14511
46.6368,-0.22566,6.0,TTH,52080
46.62751,-0.22416,3.14,MIE,33503
46.63566,-0.22379,2.3,TTH,19964
46.63641,-0.22212,2.11,TTH,18314
46.67926,-0.22802,6.37,TRN,55737
46.6814,-0.22759,5.6,TRN,49000
46.68386,-0.22993,4.37,MIS,46627
46.69532,-0.22923,1.41,TTH,12238
46.66429,-0.22487,2.3,MIE,24541
46.67984,-0.2259,3.48,MIE,37131
46.68952,-0.22651,4.28,MIS,45667
46.68891,-0.22528,6.01,MIS,64126
46.6934,-0.22605,1.4,MLG,4479
46.70398,-0.23756,7.28,TRN,63699
46.70646,-0.23547,12.47,MIE,133054
46.70272,-0.23477,8.97,BTH,90417
46.72226,-0.23542,11.4,BTH,114912
46.7244,-0.23595,2.13,TTH,18488
46.736,-0.23671,0.71,BTH,7156
46.74415,-0.24101,2.11,CZH,28105
46.75312,-0.23817,4.0,TTH,34720
46.75657,-0.24072,16.43,MIE,175308
46.77412,-0.23856,7.77,TTH,67443
46.74061,-0.23699,4.7,BTH,47376
46.74634,-0.23761,5.42,ORH,36368
46.7448,-0.23611,0.75,BTH,7560
46.73912,-0.23411,8.56,TTH,74300
46.75823,-0.2384,0.59,SOG,5852
46.75868,-0.23745,2.26,BTH,22780
47.13026,-0.2419,0.48,VRC,4032
46.76182,-0.23799,4.18,SOG,41465
46.76278,-0.23686,1.83,CZH,24375
46.7021,-0.23098,5.53,MIE,59005
46.70326,-0.22941,4.55,MIE,48548
46.72914,-0.23124,1.92,ORH,12883
46.71591,-0.2283,3.9,TTH,33852
46.73478,-0.2288,1.68,ORH,11272
46.74584,-0.23313,3.91,MIS,41719
46.74694,-0.23396,1.87,MIS,19952
46.73765,-0.23214,2.94,BTH,29635
46.7406,-0.23087,5.78,MIE,61672
46.7435,-0.23158,7.72,MIE,82372
46.75672,-0.23511,3.72,TTH,32289
46.75912,-0.23525,3.62,BTH,36489
46.76356,-0.23475,1.88,CZH,25041
46.77168,-0.2363,1.18,TTH,10242
46.77298,-0.23515,3.34,TTH,28991
46.75632,-0.23319,1.77,TTH,15363
46.74932,-0.23039,3.15,CZH,41958
46.7471,-0.22971,8.86,BTH,89308
46.75172,-0.23003,3.0,MIE,32010
46.7555,-0.22957,7.57,BTH,76305
46.75153,-0.22876,1.82,BTH,18345
46.76851,-0.23267,1.0,CZH,13320
46.77428,-0.23194,2.66,TTH,23088
46.76428,-0.22981,1.93,BTH,19454
46.77466,-0.23029,2.35,TRN,20562
46.66778,-0.22134,2.61,MIE,27848
46.68247,-0.22194,2.23,MLG,7136
46.68883,-0.22316,5.81,MIS,61992
46.69245,-0.22491,5.94,TRN,51975
46.97246,-0.27136,5.0,BTH,50400
46.69192,-0.22173,5.93,TRN,51887
46.66828,-0.21959,1.28,MIE,13657
46.69906,-0.22105,4.04,MIE,43106
46.69696,-0.22,5.1,MIE,54416
46.68656,-0.2183,1.79,MLG,5728
46.64801,-0.21478,3.13,MIE,33397
46.6564,-0.21478,0.99,TTH,8593
46.6535,-0.2127,3.88,TTH,33678
46.6552,-0.21324,3.54,TTH,30727
46.636,-0.20862,2.82,MIE,30089
46.63872,-0.20972,2.71,BTH,27316
46.6413,-0.20827,1.82,MCR,18054
46.66672,-0.21571,2.87,MIE,30622
46.67935,-0.2165,2.1,MIE,22407
46.67028,-0.21544,6.05,MIE,64553
46.68236,-0.21514,10.51,MIE,112141
46.67811,-0.21377,4.18,TTH,36282
46.69868,-0.21865,3.38,MIE,36064
46.6884,-0.2162,5.41,BTH,54532
46.6929,-0.21675,12.54,BTH,126403
46.67138,-0.21333,3.59,MIE,38305
46.68046,-0.21382,3.7,MIE,39479
46.67128,-0.21014,4.45,TRN,38937
46.69144,-0.21392,5.68,BTH,57254
46.68806,-0.2131,7.06,BTH,71164
46.69122,-0.21203,5.8,BTH,58463
46.71538,-0.22528,7.71,TTH,66922
46.73715,-0.22636,1.17,TTH,10155
46.73514,-0.22599,1.52,ORH,10199
46.73654,-0.22429,4.73,ORH,31738
46.705,-0.22139,4.67,TTH,40535
46.71372,-0.22043,4.86,CZH,64735
46.71174,-0.21952,3.17,BTH,31953
46.74651,-0.22808,0.4,BTH,4032
46.74605,-0.22635,2.23,BTH,22478
46.75026,-0.22797,1.33,BTH,13406
46.74703,-0.22578,1.97,MIS,21019
46.75272,-0.22604,4.04,BTH,40723
46.7487,-0.22513,5.49,TTH,47653
46.76376,-0.227,1.9,BTH,19152
46.75656,-0.22633,1.22,CZH,16250
46.77218,-0.22732,14.28,TTH,123950
46.75192,-0.22357,5.03,BTH,50702
46.7461,-0.22167,1.98,MIS,21126
46.7475,-0.22197,4.03,MIS,43000
46.74956,-0.2212,1.79,MIS,19099
46.76936,-0.22621,6.43,TRN,56262
46.71332,-0.21635,2.08,BTH,20966
46.71674,-0.21628,7.37,BTH,74289
46.71152,-0.21446,2.96,TTH,25692
46.73254,-0.21598,3.05,ORH,20465
46.72156,-0.21342,1.89,TTH,16405
46.74458,-0.22051,5.69,MIS,60712
46.75048,-0.22053,5.22,MIS,55697
46.76358,-0.22232,2.71,BTH,27316
46.76982,-0.21986,1.96,CZH,26107
46.77184,-0.22007,5.13,TTH,44528
46.73808,-0.21453,2.31,BTH,23284
46.74383,-0.2149,4.39,ORH,29456
46.75057,-0.21622,6.13,MIS,65407
46.77153,-0.21737,5.91,TTH,51298
46.7926,-0.24415,3.24,MLG,10368
46.80124,-0.24189,3.23,BTH,32558
46.80786,-0.2417,0.66,TRN,5775
46.80738,-0.24102,0.81,TRN,7087
46.80014,-0.23861,4.93,TRN,43137
46.8078,-0.2388,4.83,MIE,51536
46.81912,-0.24576,4.17,MLG,13344
46.8219,-0.24474,1.72,TTH,14929
46.81678,-0.24282,4.76,MLG,15232
46.83382,-0.24653,3.8,SOG,37696
46.8465,-0.24515,1.49,BTH,15019
46.84752,-0.24529,6.09,TRN,53287
46.84345,-0.2445,10.67,BTH,107553
46.8221,-0.2416,3.03,MLG,9696
46.82352,-0.2421,1.28,BTH,12902
46.8202,-0.24176,3.16,MLG,10112
46.82352,-0.24109,0.63,MLG,2016
46.82448,-0.24168,2.0,TRN,17500
47.09612,-0.28288,1.07,BTH,10785
46.82042,-0.24013,2.35,MLG,7520
46.82634,-0.24107,2.26,TRN,19775
46.82924,-0.24114,1.67,BTH,16833
46.82552,-0.24112,1.94,TTH,16839
46.82135,-0.23927,2.55,TTH,22134
46.82745,-0.2401,1.47,BTH,14817
46.83932,-0.24115,0.68,BTH,6854
46.84028,-0.24057,3.36,BTH,33868
46.77458,-0.23549,2.47,TRN,21612
46.8015,-0.23682,3.17,ORH,21270
46.81114,-0.23831,3.07,TTH,26647
46.80568,-0.23511,2.06,ORH,13822
46.80669,-0.23574,4.16,BTH,41932
47.11756,-0.28545,0.69,BTH,6955
46.7894,-0.23394,9.98,MLG,31936
46.799,-0.23422,0.16,VRC,1343
46.79728,-0.23372,3.26,MIE,34784
46.8094,-0.23467,0.71,TRN,6212
46.80378,-0.2337,5.6,TTH,48608
46.8079,-0.23402,1.01,MCR,10019
47.1016,-0.27695,1.42,VRN,11927
46.79274,-0.23166,4.3,MIE,45881
46.80023,-0.23135,1.85,TTH,16058
46.8133,-0.23744,1.73,BTH,17438
46.82358,-0.23946,5.16,BTH,52012
46.82115,-0.23803,1.13,BTH,11390
46.82139,-0.23738,1.43,BTH,14414
46.81638,-0.2368,2.75,ORH,18452
46.8466,-0.23981,10.19,BTH,102715
46.81819,-0.23676,9.66,BTH,97372
46.82435,-0.23682,0.89,TTH,7725
46.82898,-0.23778,3.61,BTH,36388
46.8261,-0.23709,10.4,BTH,104832
46.82991,-0.23949,0.54,BTH,5443
46.83915,-0.23937,1.88,BTH,18950
46.84398,-0.2389,1.92,CZH,25574
46.83689,-0.23727,11.6,BTH,116928
46.84072,-0.23752,5.12,ORH,34355
46.81222,-0.23465,3.25,TTH,28210
46.82775,-0.23532,1.0,TRN,8750
46.81662,-0.23193,2.44,MIE,26034
47.13128,-0.24176,0.94,VRC,7895
46.83322,-0.2354,15.93,BTH,160574
46.84229,-0.23645,4.35,BTH,43847
46.83866,-0.23431,5.51,TTH,47826
47.13596,-0.24086,0.58,VRC,4871
46.86108,-0.24793,0.32,BTH,3225
46.86048,-0.24668,0.39,MLG,1248
46.85441,-0.24628,7.97,TRN,69737
46.84972,-0.24494,6.19,MIE,66047
46.8832,-0.24043,1.85,BTH,18648
46.85795,-0.2461,7.87,BTH,79329
46.85187,-0.24332,3.38,BTH,34070
46.8638,-0.24449,5.58,SOG,55353
46.85164,-0.24175,1.61,BTH,16228
46.85626,-0.24181,0.86,ORP,5770
46.85424,-0.24105,3.38,BTH,34070
46.86257,-0.243,1.35,BTH,13608
46.86594,-0.24348,8.27,BTH,83361
46.86116,-0.24129,1.5,BTH,15120
46.8948,-0.24845,2.07,TTH,17967
46.89391,-0.24815,0.3,TTH,2603
46.9027,-0.24926,3.99,ORH,26772
46.9021,-0.24751,2.88,BTH,29030
46.9064,-0.24994,4.63,TTH,40188
46.90986,-0.25122,4.2,CZH,55944
46.91768,-0.25155,4.06,MIE,43320
46.91878,-0.25091,5.62,BTH,56649
46.90532,-0.24874,2.79,TRN,24412
46.91098,-0.25043,20.27,TRN,177362
46.90872,-0.24925,3.22,MIE,34357
46.91486,-0.24944,12.93,BTH,130334
46.92018,-0.24994,6.29,TTH,54597
46.89233,-0.24363,0.75,SOG,7440
46.9045,-0.24747,3.29,TRN,28787
46.90766,-0.24768,3.06,TRN,26775
46.90404,-0.24573,2.23,ORH,14963
46.90662,-0.2461,1.35,TRN,11812
46.9178,-0.24634,3.22,MIE,34357
46.86456,-0.24071,7.54,BTH,76003
46.85072,-0.24022,15.31,MIE,163357
46.85438,-0.23942,3.15,BTH,31752
46.84937,-0.23791,2.04,ORH,13688
46.85745,-0.23882,12.49,MIE,133268
46.86084,-0.23982,2.46,BTH,24796
46.85988,-0.23899,2.92,BTH,29433
46.86968,-0.24133,0.92,SOG,9126
46.8701,-0.24162,10.55,BTH,106344
46.88446,-0.24272,2.15,ORH,14426
46.87218,-0.24012,6.43,BTH,64814
46.88415,-0.24083,0.95,ORH,6374
46.85199,-0.23589,5.09,BTH,51307
46.86376,-0.23829,2.37,BTH,23889
46.85516,-0.23621,4.75,MIE,50682
46.85644,-0.23503,3.58,BTH,36086
46.86527,-0.23539,2.63,ORH,17647
46.88469,-0.23957,2.55,BTH,25704
46.88176,-0.23835,1.82,BTH,18345
46.86788,-0.23616,2.65,TRN,23187
46.86675,-0.23495,3.36,ORH,22545
46.86998,-0.23633,5.25,TRN,45937
46.87194,-0.23576,5.18,TTH,44962
46.87356,-0.23599,4.75,BTH,47880
46.88316,-0.23726,0.65,BTH,6552
46.88404,-0.23767,1.87,BTH,18849
46.87618,-0.23494,10.45,TTH,90706
46.89212,-0.24203,0.88,SOG,8729
46.88596,-0.24069,1.26,BTH,12700
46.89054,-0.24074,6.51,MCR,64579
46.89972,-0.24191,5.3,BTH,53423
46.90408,-0.24401,8.37,TRN,73237
46.91458,-0.24354,1.05,TRN,9187
46.9196,-0.24511,3.48,MIE,37131
46.90718,-0.24272,2.86,TRN,25025
46.90726,-0.24119,1.12,CZH,14918
46.91656,-0.24284,1.21,MIE,12910
46.88604,-0.23888,3.47,ORH,23283
46.90121,-0.23914,3.63,TTH,31508
46.88824,-0.23679,1.35,BTH,13608
46.90362,-0.23976,5.79,BTH,58363
46.90738,-0.24029,1.89,BTH,19051
46.91134,-0.24135,4.46,BDH,44956
46.91236,-0.24018,3.24,BTH,32659
46.91474,-0.24095,12.51,BDH,126100
46.92064,-0.24036,6.5,MIE,69355
46.79028,-0.22989,4.18,MLG,13376
46.78615,-0.22821,2.88,MIE,30729
46.9053,-0.23846,1.59,SOG,15772
46.90972,-0.23903,5.0,MCR,49600
46.90856,-0.23784,1.31,BTH,13204
46.91128,-0.23826,3.48,CZH,46353
46.91329,-0.23912,3.83,BTH,38606
46.91469,-0.23761,1.35,BTH,13608
46.77525,-0.22673,1.67,TTH,14495
46.7811,-0.22787,15.03,TTH,130460
46.78768,-0.2279,4.49,MIE,47908
46.79399,-0.23054,3.04,MIE,32436
46.80119,-0.22988,2.68,MIE,28595
46.79584,-0.22763,2.94,MIS,31369
46.79958,-0.22835,2.93,MLG,9376
46.80394,-0.22873,1.75,BTH,17639
46.77618,-0.22515,1.29,MLG,4128
46.78546,-0.224,7.03,MLG,22496
46.80042,-0.22712,2.99,ORH,20062
46.81108,-0.22782,2.13,BTH,21470
46.80937,-0.22681,2.65,MLG,8480
46.83351,-0.23151,1.12,BTH,11289
46.8106,-0.22612,1.74,MIE,18565
46.81198,-0.231,0.26,BTH,2620
46.82836,-0.2328,7.95,TRN,69562
46.81209,-0.23015,1.3,BTH,13104
46.81976,-0.23045,6.18,BTH,62294
46.81676,-0.22935,1.17,SOG,11606
46.81836,-0.23001,4.2,BTH,42336
46.82282,-0.23069,2.15,BTH,21672
46.82098,-0.22972,0.6,TTH,5207
46.8264,-0.22994,3.08,BTH,31046
46.83406,-0.23297,2.26,SOG,22419
47.10441,-0.27701,2.66,MIS,28382
46.84466,-0.23151,0.75,BTH,7560
46.81728,-0.22844,1.42,MIE,15151
46.81418,-0.2275,3.23,BTH,32558
46.81698,-0.22673,0.68,ORH,4562
46.82016,-0.22718,1.84,BTH,18547
46.81239,-0.22596,1.06,BTH,10684
46.81778,-0.22622,0.84,MLG,2688
46.82598,-0.22706,1.21,BTH,12196
46.82131,-0.22655,8.9,BTH,89711
46.82305,-0.22499,4.65,TRN,40687
46.82588,-0.226,4.09,TRN,35787
46.83056,-0.22984,15.24,BTH,153619
46.84052,-0.22892,16.01,BTH,161380
46.83409,-0.2275,12.13,BTH,122270
46.8477,-0.22795,2.72,ORH,18251
46.7758,-0.22247,3.54,TTH,30727
46.77958,-0.2216,2.03,BTH,20462
46.79318,-0.22332,0.5,FLA,10000
46.7979,-0.22342,1.7,MIS,18139
47.16912,-0.25226,0.67,VRC,5628
46.79312,-0.22083,6.35,BTH,64007
46.79092,-0.2199,2.06,MIS,21980
46.79026,-0.2183,0.37,MLG,1184
46.81006,-0.22129,1.63,TRN,14262
46.80842,-0.21952,1.95,BTH,19656
46.81716,-0.22428,5.6,ORH,37576
46.82746,-0.22591,0.98,MCR,9721
46.82404,-0.22426,3.11,TRN,27212
46.81318,-0.2228,2.08,BTH,20966
46.82944,-0.22246,12.87,TRN,112612
46.83816,-0.22608,2.31,MIE,24647
46.8442,-0.22672,4.05,TRN,35437
46.8453,-0.22613,1.1,ORH,7381
46.83357,-0.22434,4.56,MIE,48655
46.84444,-0.22461,1.22,TTH,10589
46.81956,-0.22238,10.74,TTH,93223
46.82272,-0.22283,5.0,TRN,43750
46.81322,-0.21856,3.03,ORH,20331
46.81141,-0.2181,7.26,MCR,72019
46.81678,-0.21862,6.83,ORH,45829
46.82798,-0.22065,2.67,BTH,26913
46.83216,-0.22247,7.38,ORH,49519
46.84642,-0.22324,0.74,TTH,6423
46.83423,-0.2202,5.41,MIE,57724
46.84432,-0.222,3.69,CZH,49150
46.86021,-0.23409,0.99,MIE,10563
46.85482,-0.23308,1.15,SOG,11408
47.10994,-0.28304,3.22,TRN,28175
46.8793,-0.23533,3.41,CZH,45421
46.8842,-0.23437,3.81,BTH,38404
46.86922,-0.23361,11.41,MIE,121744
46.8809,-0.23335,0.96,BTH,9676
46.88262,-0.23366,2.27,ORH,15231
46.85232,-0.22977,6.01,BTH,60580
46.85682,-0.23082,1.67,BTH,16833
46.91224,-0.23647,0.58,TRN,5075
46.85554,-0.22958,9.66,BTH,97372
46.86578,-0.23178,7.07,BTH,71265
46.85774,-0.22966,1.07,SOG,10614
46.86396,-0.2302,1.92,MIE,20486
46.85663,-0.22945,2.24,BTH,22579
46.86958,-0.23059,3.73,BTH,37598
46.87187,-0.23028,3.54,BTH,35683
46.88345,-0.23169,1.41,BTH,14212
46.88125,-0.23148,5.24,TTH,45483
46.87624,-0.22918,3.99,TRN,34912
46.89951,-0.23655,3.15,TTH,27342
46.90126,-0.23673,3.75,TTH,32550
46.90078,-0.23479,1.01,TTH,8766
46.90694,-0.23701,4.16,BTH,41932
46.91047,-0.23718,1.82,TRN,15924
46.9192,-0.23746,6.29,BTH,63403
46.91628,-0.23747,2.28,BTH,22982
46.90493,-0.23525,4.68,TTH,40622
46.90637,-0.23536,2.72,MIE,29022
46.92048,-0.23575,6.31,BTH,63604
46.91249,-0.23509,2.2,CZH,29304
46.91428,-0.23521,3.67,BTH,36993
46.91706,-0.23496,0.47,TRN,4112
46.92175,-0.23519,6.64,BTH,66931
46.89534,-0.23041,1.91,SOG,18947
46.90628,-0.23341,3.89,TTH,33765
46.91002,-0.23363,14.55,TRN,127312
46.90469,-0.23198,1.2,MCR,11904
46.91232,-0.23273,2.25,BTH,22680
46.90547,-0.23147,1.84,MCR,18252
46.92132,-0.23318,2.11,BTH,21268
46.9135,-0.2319,9.0,TRN,78750
46.91849,-0.23213,2.7,TRN,23625
46.91997,-0.23221,0.4,TRN,3500
46.92086,-0.23228,1.56,BTH,15724
46.84996,-0.22724,1.88,BTH,18950
46.85123,-0.22647,2.91,BTH,29332
46.85354,-0.22591,8.9,MIE,94963
46.86482,-0.22826,3.87,BTH,39009
46.84973,-0.22554,2.11,BTH,21268
46.8561,-0.22552,8.86,ORH,59450
46.8609,-0.22675,3.32,MIE,35424
46.88636,-0.22709,0.84,BTH,8467
46.87013,-0.22879,3.07,BTH,30945
46.87332,-0.22902,1.83,TRN,16012
46.88117,-0.22924,2.12,BTH,21369
46.86978,-0.2266,2.98,TRN,26075
46.87159,-0.22668,4.25,TTH,36890
46.87402,-0.2261,6.68,MIE,71275
46.86752,-0.22489,7.59,BTH,76507
46.8826,-0.22658,1.85,BTH,18648
46.9215,-0.22847,2.74,TRN,23975
46.86583,-0.22295,6.91,TRN,60462
46.85219,-0.22201,15.14,TRN,132475
46.86178,-0.2215,8.74,MIE,93255
46.86336,-0.22155,3.1,CZH,41292
46.87122,-0.22535,0.5,TTH,4340
46.86974,-0.22412,3.82,MIS,40759
46.87173,-0.22448,1.17,MIE,12483
46.87804,-0.22597,5.21,TRN,45587
46.87588,-0.2246,10.66,MIE,113742
46.8809,-0.22399,0.75,TRN,6562
46.88084,-0.22513,1.77,TRN,15487
46.87279,-0.22353,0.21,MIE,2240
46.87151,-0.22228,2.52,MIE,26888
46.89379,-0.22916,0.2,SOG,1984
46.89426,-0.22893,1.3,SOG,12896
46.9098,-0.22974,4.92,BTH,49593
46.9213,-0.23139,1.48,BTH,14918
46.91648,-0.2304,1.49,SOG,14780
46.91916,-0.23134,6.95,BTH,70056
46.92115,-0.23056,0.76,TRN,6649
46.90496,-0.22784,7.0,MCR,69440
46.91173,-0.22906,1.45,BTH,14615
46.92182,-0.22994,0.96,BTH,9676
46.9204,-0.22913,0.48,BTH,4838
46.91602,-0.22878,4.81,TRN,42087
46.88689,-0.22535,2.36,BTH,23788
46.88796,-0.22514,2.1,ORH,14091
46.8856,-0.22448,2.36,BTH,23788
46.89508,-0.22426,1.22,MCR,12102
46.90748,-0.22727,5.0,MCR,49600
46.91196,-0.22749,2.88,TRN,25200
46.9131,-0.22779,6.62,BTH,66729
46.91778,-0.22707,5.69,TRN,49787
46.91942,-0.22708,2.0,BTH,20160
46.90511,-0.22567,0.63,MCR,6249
46.90587,-0.22516,1.25,MCR,12400
46.9066,-0.22471,1.48,CZH,19713
46.9127,-0.22483,4.3,BTH,43344
46.9202,-0.22617,2.01,BTH,20260
46.91512,-0.22476,6.92,BTH,69753
46.9281,-0.278,4.93,MIE,52603
46.93586,-0.2787,17.54,TRN,153474
46.93684,-0.27905,0.58,TTH,5034
46.93074,-0.27775,4.89,BTH,49291
46.92618,-0.27649,1.49,BTH,15019
46.93806,-0.27646,5.41,TTH,46958
46.94666,-0.28004,4.74,MIE,50575
46.94229,-0.28,9.95,BTH,100296
46.95587,-0.27989,5.16,CZH,68731
46.9403,-0.27662,6.1,BTH,61488
46.92536,-0.27455,2.73,BTH,27518
46.92086,-0.27375,3.01,TTH,26126
46.92876,-0.27323,3.82,BTH,38505
46.9266,-0.27251,5.37,BTH,54129
46.9346,-0.27451,2.24,TRN,19600
46.93228,-0.27337,6.0,MIE,64019
46.93585,-0.27327,4.02,BTH,40521
46.94452,-0.27653,11.16,TRN,97650
46.97544,-0.2744,2.87,TRN,25112
46.96326,-0.28051,2.68,BTH,27014
46.959,-0.2798,4.68,TRN,40949
46.97062,-0.2814,2.2,MCR,21824
46.97486,-0.27931,0.31,VRC,2603
46.98466,-0.28241,1.57,MIE,16751
46.9811,-0.28135,1.12,TRN,9800
46.98739,-0.28247,1.56,TTH,13540
46.98914,-0.28241,4.06,MIE,43320
46.99482,-0.28162,11.48,MIE,122491
46.97894,-0.28062,1.94,MLG,6208
46.97812,-0.27989,0.2,VRC,1680
46.98133,-0.2795,3.72,ORH,24961
46.99207,-0.28068,2.59,TRN,22662
46.99278,-0.28048,1.98,BTH,19958
46.98982,-0.27984,1.35,BTH,13608
46.95808,-0.27447,0.77,ORH,5166
46.98156,-0.27768,3.34,BTH,33667
46.98872,-0.279,3.71,MIE,39585
46.98366,-0.27614,2.48,BTH,24998
46.98972,-0.27729,3.64,BTH,36691
46.9295,-0.27192,6.22,BTH,62697
46.93816,-0.27286,4.91,BTH,49492
46.93667,-0.27174,2.33,MIS,24861
46.94036,-0.27235,1.37,BTH,13809
46.94203,-0.2721,1.86,BTH,18748
46.949,-0.27331,2.62,BTH,26409
46.94643,-0.27102,7.53,TRN,65887
46.94146,-0.27076,6.43,BTH,64814
46.94306,-0.27073,1.92,BTH,19353
46.9574,-0.27286,1.07,BTH,10785
46.92692,-0.26846,1.58,BTH,15926
46.9365,-0.26949,4.44,BTH,44755
46.93792,-0.26827,7.97,BTH,80337
46.93387,-0.26805,11.04,TRN,96600
46.93951,-0.2694,2.8,MIS,29876
46.95172,-0.27026,11.84,BTH,119347
46.95347,-0.26951,2.92,ORH,19593
46.95564,-0.26909,1.94,CZH,25840
46.94276,-0.268,2.52,BTH,25401
46.94128,-0.2676,1.29,BTH,13003
46.94456,-0.26708,14.5,BTH,146160
46.94912,-0.26932,4.32,TRN,37800
46.95664,-0.26828,0.8,ORH,5368
46.96054,-0.27324,7.7,BTH,77616
46.96442,-0.27385,3.8,BTH,38303
46.96718,-0.27507,2.55,TTH,22134
46.97747,-0.27426,0.96,BTH,9676
46.98715,-0.27395,1.89,MIE,20166
46.99374,-0.27529,8.8,TRN,77000
46.98188,-0.27346,13.73,BTH,138398
46.99062,-0.27318,4.51,ORH,30262
46.9608,-0.27106,11.43,ORH,76695
46.98152,-0.27078,1.0,ORH,6710
46.99198,-0.27144,5.45,TRN,47687
46.99375,-0.27222,4.18,BTH,42134
46.98941,-0.2706,2.23,BTH,22478
46.9898,-0.26976,2.51,BTH,25300
46.99422,-0.27029,1.19,TRN,10412
47.00034,-0.28078,6.67,TRN,58362
46.99913,-0.28162,4.39,TRN,38412
47.00784,-0.2812,2.51,ORH,16842
47.0116,-0.28172,8.02,TRN,70174
47.01508,-0.2841,0.33,VRC,2772
47.01752,-0.28444,1.63,MCR,16169
47.18968,-0.25403,0.46,VRC,3864
47.03094,-0.28536,11.56,TRN,101150
47.02798,-0.28383,1.04,ORP,6978
47.02643,-0.2838,2.07,BTH,20865
47.02468,-0.28118,1.57,VRC,13187
46.997,-0.27699,32.6,BTH,328608
47.00847,-0.27801,3.78,BTH,38102
47.00996,-0.27752,2.44,BTH,24595
47.02003,-0.28064,5.93,SOG,58825
47.02492,-0.28179,0.24,VRC,2016
47.02728,-0.28164,2.41,MIE,25714
47.02864,-0.28212,3.14,TRN,27475
47.0298,-0.28114,2.5,TTH,21700
47.02408,-0.28005,2.01,VRC,16883
47.02833,-0.28001,0.96,MIE,10243
47.03062,-0.28005,1.78,BTH,17942
47.02392,-0.27819,1.59,VRC,13356
47.02912,-0.27925,0.64,MIE,6828
47.03268,-0.28402,3.7,ORH,24827
47.0351,-0.28541,3.19,BTH,32155
47.03816,-0.28577,5.27,BTH,53121
47.03406,-0.28464,5.29,BTH,53323
47.04992,-0.28698,8.87,BTH,89409
47.04519,-0.28605,2.39,BTH,24091
47.03582,-0.28476,7.02,TRN,61424
47.04328,-0.28437,7.39,ORH,49586
47.0594,-0.28737,0.31,BTH,3124
47.0651,-0.28651,0.97,TTH,8419
47.05446,-0.28607,28.38,BTH,286070
47.0627,-0.28574,3.79,BTH,38203
47.0653,-0.28575,0.8,VRC,6720
47.0636,-0.28509,1.88,TTH,16318
47.06518,-0.2852,0.31,VRC,2603
47.0604,-0.28445,5.85,ORH,39253
47.06518,-0.28502,0.61,ORH,4093
47.03962,-0.28083,6.46,BTH,65116
47.03224,-0.28119,0.87,BTH,8769
47.03334,-0.2809,1.3,MIE,13871
47.03684,-0.2812,8.85,TRN,77437
47.04225,-0.28259,3.14,CZH,41824
47.04738,-0.28224,7.48,BTH,75398
47.0313,-0.27947,3.59,BTH,36187
47.03452,-0.27977,2.18,TRN,19075
47.04673,-0.27972,4.85,BTH,48888
47.05008,-0.28106,15.26,BTH,153820
47.05876,-0.28254,0.5,VRC,4199
47.0648,-0.28432,1.17,VRN,9828
47.06682,-0.28419,4.15,TRN,36312
47.06179,-0.28371,1.92,VRC,16128
47.0633,-0.28304,2.83,VRC,23772
47.06449,-0.28324,2.58,VRC,21672
47.05381,-0.28078,6.98,TRN,61075
47.05986,-0.28178,2.5,MLG,8000
47.06128,-0.28164,1.18,VRC,9911
47.06222,-0.28038,1.78,VRC,14951
47.0642,-0.28106,2.46,VRC,20664
47.06498,-0.28127,1.02,VRC,8568
47.00112,-0.27783,12.69,BTH,127915
46.99918,-0.27397,4.57,TRN,39987
47.00762,-0.27461,6.16,BTH,62092
47.00973,-0.27506,4.9,BTH,49391
47.02361,-0.27634,5.6,BTH,56447
47.02528,-0.27596,1.69,BTH,17035
47.00061,-0.27158,12.94,BTH,130435
46.9982,-0.27265,1.11,TRN,9712
47.00334,-0.27196,1.64,BTH,16531
47.00502,-0.27276,2.6,BTH,26208
47.00718,-0.27237,0.98,BTH,9878
47.01667,-0.27155,0.2,VRC,1680
47.02391,-0.27382,3.89,BTH,39211
47.02523,-0.27354,2.47,BTH,24897
47.02864,-0.27272,6.32,BTH,63705
47.0327,-0.27883,1.66,BTH,16732
47.0335,-0.27837,1.84,TRN,16100
47.03122,-0.27621,2.98,BTH,30038
47.06636,-0.28042,3.07,VRC,25788
47.06334,-0.27953,1.09,VRC,9156
47.05348,-0.27862,11.32,TRN,99050
47.05636,-0.27829,7.23,TRN,63262
47.06177,-0.27918,2.56,ORH,17177
47.06092,-0.27813,5.99,BTH,60379
47.06842,-0.27889,0.97,VRC,8148
47.06403,-0.27856,1.07,VRC,8988
47.06676,-0.27868,1.87,VRC,15708
47.05937,-0.27786,2.18,BTH,21974
47.06601,-0.27818,0.93,VRC,7811
47.06482,-0.27806,5.81,TRN,50837
47.03212,-0.2752,0.35,BTH,3527
47.03363,-0.27302,7.45,BTH,75095
47.0355,-0.27418,7.81,BTH,78724
47.03844,-0.27494,15.89,ORH,106621
47.05508,-0.27681,1.75,MIS,18672
46.93868,-0.26661,2.29,MIS,24434
47.06695,-0.27694,1.41,VRN,11843
47.06234,-0.27587,1.97,BTH,19857
47.06624,-0.27671,1.22,VRC,10248
47.05528,-0.27427,2.96,MIS,31583
47.0578,-0.27402,3.28,BTH,33062
47.06142,-0.27571,0.5,MIS,5335
47.06396,-0.27532,1.6,BTH,16128
47.06614,-0.27436,4.03,TRN,35262
46.93532,-0.26462,2.61,ORH,17513
46.92275,-0.26281,1.14,CZH,15184
46.92766,-0.26288,1.15,CZH,15318
46.92888,-0.26335,2.16,TRN,18900
46.92698,-0.26259,0.43,ORH,2885
46.92949,-0.26245,0.77,BTH,7761
46.9325,-0.26392,18.4,MIS,196328
46.93055,-0.26321,1.82,MIE,19419
46.94031,-0.26601,1.45,TTH,12586
46.95151,-0.26554,7.72,CZH,102830
46.95319,-0.26595,4.35,CZH,57942
46.95782,-0.26678,1.86,ORH,12480
46.9467,-0.26532,6.28,BTH,63302
46.94022,-0.26387,2.29,BTH,23083
46.94788,-0.26328,5.61,TRN,49087
46.95651,-0.26639,4.38,ORH,29389
46.94992,-0.26394,1.9,TRN,16625
46.95531,-0.26434,7.38,CZH,98301
46.93009,-0.26222,0.81,BTH,8164
46.92308,-0.26057,3.17,BTH,31953
46.92492,-0.26186,5.03,CZH,66999
46.92709,-0.26003,7.24,TRN,63350
46.92848,-0.25994,2.55,BTH,25704
46.92154,-0.25997,4.01,CZH,53413
46.93778,-0.26105,5.52,TRN,48300
46.93876,-0.26095,4.25,BTH,42839
46.93532,-0.25987,3.85,TRN,33687
46.93144,-0.2595,6.25,BTH,62999
46.94406,-0.26155,5.61,BTH,56548
46.9507,-0.26259,0.81,CZH,10789
46.95238,-0.26199,4.59,ORH,30798
46.95714,-0.26206,5.95,ORH,39924
46.94036,-0.26141,2.4,BTH,24192
46.9486,-0.2609,10.07,TRN,88112
46.95906,-0.2674,4.6,BTH,46367
46.96195,-0.26799,10.19,ORH,68374
46.97322,-0.26793,3.64,TRN,31850
46.97028,-0.26338,3.9,TRN,34125
46.97492,-0.26875,4.32,BTH,43545
46.97257,-0.26642,1.21,BTH,12196
46.97409,-0.26575,0.96,BTH,9676
46.98492,-0.269,3.77,ORH,25296
46.9807,-0.26768,4.32,MIE,46094
46.98252,-0.26833,3.59,ORP,24088
46.98707,-0.2675,1.96,BTH,19756
46.99122,-0.26865,10.55,TRN,92312
46.98458,-0.26641,4.82,BTH,48585
46.9612,-0.26285,5.66,ORH,37978
46.97588,-0.26344,4.85,BTH,48888
46.97381,-0.26289,2.03,TRN,17762
46.98668,-0.26451,1.75,ORH,11742
46.99034,-0.26377,0.95,TRN,8312
46.99288,-0.26352,0.83,TRN,7262
46.92428,-0.25872,1.32,BTH,13305
46.92312,-0.25806,0.61,BTH,6148
46.9296,-0.25926,2.64,BTH,26611
46.92326,-0.25766,1.34,BTH,13507
46.92756,-0.25778,1.98,TRN,17325
46.92423,-0.2563,2.01,BTH,20260
46.98392,-0.25989,1.92,ORH,12883
46.92604,-0.2565,5.51,BTH,55540
46.93934,-0.25823,3.55,MIS,37878
46.93658,-0.25741,12.92,BTH,130233
46.94336,-0.25989,1.67,BTH,16833
46.94146,-0.25971,3.34,MIE,35637
46.94774,-0.25908,3.32,TRN,29050
46.9505,-0.25981,2.05,ORH,13755
46.95423,-0.25942,11.34,ORH,76091
46.94336,-0.25775,6.67,CZH,88844
46.949,-0.25767,0.65,BTH,6552
46.94668,-0.2569,8.55,BTH,86184
46.95122,-0.25857,5.27,BTH,53121
46.92938,-0.2554,1.28,MIS,13657
46.9312,-0.2556,1.64,MIS,17498
46.92848,-0.25305,1.0,BTH,10080
46.93002,-0.25336,0.71,CZH,9457
46.9321,-0.25388,0.06,MIS,640
46.93176,-0.25354,0.08,MIS,853
46.93152,-0.25303,0.07,MIS,746
46.93416,-0.25293,4.63,MIE,49402
46.9313,-0.2525,0.07,MIS,746
46.93339,-0.25273,0.12,MIS,1280
46.93904,-0.25319,12.85,MIE,137109
46.94757,-0.25613,1.59,CZH,21178
46.94192,-0.25468,5.64,MIE,60178
46.9478,-0.25408,3.39,BTH,34171
46.94964,-0.25424,0.15,ORP,1006
46.96932,-0.25927,6.2,BTH,62495
46.9943,-0.26216,3.39,TRN,29662
46.96085,-0.25758,1.82,ORH,12212
46.96173,-0.25683,1.93,ORH,12950
46.9603,-0.25571,2.07,MIS,22086
46.96203,-0.25531,0.96,MIS,10243
46.9678,-0.25433,3.27,ORH,21941
46.98042,-0.25871,0.34,VRC,2856
46.98045,-0.25846,0.15,VRC,1259
46.98054,-0.25844,0.14,VRC,1176
46.98068,-0.25845,0.41,VRC,3444
46.98237,-0.25625,1.79,ORH,12010
46.98353,-0.25593,5.45,ORH,36569
46.99652,-0.27033,1.23,TRN,10762
47.0031,-0.26863,1.58,VRC,13272
46.99736,-0.26796,7.53,TRN,65887
47.01564,-0.27091,0.5,VRC,4199
47.01753,-0.27074,2.41,MCR,23907
47.01232,-0.2637,0.28,VRC,2352
47.02239,-0.27097,7.26,BTH,73180
47.02452,-0.27152,3.17,BTH,31953
47.03084,-0.27192,4.32,BTH,43545
47.02842,-0.27091,3.26,TRN,28525
47.0186,-0.26967,3.58,MCR,35513
47.02375,-0.26914,2.25,BTH,22680
47.02832,-0.26923,5.53,TTH,48000
46.99814,-0.26591,0.53,BDH,5342
46.99958,-0.26665,2.25,BTH,22680
46.99874,-0.2657,0.52,BTH,5241
47.01178,-0.26692,1.59,BTH,16027
47.00838,-0.26567,7.05,TTH,61193
47.00242,-0.2653,0.9,BTH,9072
47.00089,-0.26487,7.07,BTH,71265
46.99606,-0.26366,1.28,TRN,11200
47.01222,-0.26533,0.1,VRC,840
47.01017,-0.26458,0.87,VRC,7307
47.01704,-0.26721,2.13,ORH,14292
47.02111,-0.26775,2.26,MCR,22419
47.01424,-0.26649,5.03,BTH,50702
47.02691,-0.26752,4.36,ORH,29255
47.01988,-0.26553,1.72,ORH,11541
47.02293,-0.26496,12.84,BTH,129427
47.02629,-0.2657,1.3,BTH,13104
47.02728,-0.26508,2.65,ORH,17781
47.03078,-0.26548,4.94,ORH,33147
47.01234,-0.26291,1.33,VRC,11172
47.03892,-0.27162,7.82,ORH,52472
47.03738,-0.26917,1.05,ORH,7045
47.03796,-0.26908,0.87,ORH,5837
47.06694,-0.27383,0.78,BTH,7862
47.06094,-0.2728,0.71,BTH,7156
47.06486,-0.27251,1.88,CZH,25041
47.05216,-0.271,6.18,MIS,65940
47.05544,-0.27195,1.8,MIS,19206
47.05928,-0.27144,7.42,MIE,79171
47.06394,-0.27181,2.27,MIS,24220
47.06831,-0.27277,2.33,TRN,20387
47.06656,-0.27263,1.72,BTH,17337
47.03586,-0.26845,9.35,ORH,62738
47.0388,-0.26908,1.69,ORH,11339
47.04082,-0.26784,5.8,ORH,38918
47.01162,-0.26292,0.36,VRC,3024
47.03306,-0.26512,4.44,TTH,38539
47.05646,-0.27023,4.0,TRN,35000
47.05796,-0.27038,0.5,MLG,1600
47.05738,-0.26969,2.39,MLG,7648
47.0602,-0.2693,1.52,ORH,10199
47.06593,-0.27002,3.56,ORH,23887
47.05864,-0.26827,1.05,MIS,11203
47.06462,-0.26851,4.5,ORH,30195
47.06752,-0.26991,5.95,TRN,52062
47.01274,-0.26372,1.08,VRC,9072
47.01052,-0.26293,2.33,VRC,19572
46.99734,-0.26139,11.47,BDH,115617
46.99586,-0.26031,3.27,TRN,28612
47.00484,-0.26114,12.54,BTH,126403
47.01156,-0.26204,1.36,VRC,11424
47.01646,-0.26438,5.47,BTH,55137
47.01883,-0.26404,2.45,BTH,24696
47.01994,-0.2639,0.56,VRC,4704
47.02947,-0.26506,2.7,TTH,23436
47.0162,-0.26246,3.66,VRC,30744
47.02027,-0.2626,3.18,BTH,32054
47.02608,-0.26277,4.41,ORH,29591
47.03022,-0.26293,2.56,TTH,22220
46.99549,-0.25633,5.78,TRN,50575
47.00224,-0.25652,25.39,TRN,222162
47.00839,-0.25858,1.69,BTH,17035
47.02126,-0.26036,3.41,BTH,34372
47.01454,-0.25997,2.15,BTH,21672
47.0242,-0.26134,9.34,BTH,94147
47.02482,-0.25773,3.5,BTH,35279
47.02869,-0.25908,32.6,BTH,328608
47.03626,-0.26413,8.72,BTH,87897
47.05319,-0.2663,1.92,TRN,16800
47.05891,-0.26433,16.7,CZH,222444
47.06877,-0.26739,1.87,ORH,12547
47.05526,-0.2644,1.27,MLG,4064
47.06708,-0.26446,2.64,CZH,35164
47.03326,-0.26196,5.88,ORH,39454
47.03452,-0.25873,8.59,TTH,74561
47.05058,-0.26024,2.87,BTH,28929
47.05972,-0.26084,6.2,ORH,41602
47.06886,-0.28761,11.73,TRN,102637
47.07612,-0.28792,0.42,VRC,3527
47.07028,-0.28684,1.8,VRC,15120
47.08657,-0.28583,0.63,VRC,5292
47.08822,-0.28863,2.47,VRN,20748
47.07205,-0.28632,18.44,BTH,185875
47.07601,-0.28696,0.13,MIS,1387
47.07619,-0.28649,1.69,VRC,14196
47.0782,-0.28775,0.87,ORH,5837
47.07986,-0.28769,0.44,VRC,3696
47.08666,-0.289,2.81,VRC,23604
47.07745,-0.28659,0.97,VRC,8148
47.07515,-0.28607,1.11,VRC,9324
47.07729,-0.28544,3.01,VRC,25284
47.07497,-0.28513,0.35,VRC,2939
47.07898,-0.28636,0.23,ORH,1543
47.08489,-0.28581,1.26,VRC,10584
47.08767,-0.28758,0.34,VRC,2856
47.09456,-0.28735,4.98,BTH,50198
47.09608,-0.2885,0.45,VRC,3780
47.09644,-0.28822,0.45,TRN,3937
47.09652,-0.28779,0.48,VRC,4032
47.10457,-0.28883,1.65,VRC,13859
47.09169,-0.28694,1.53,VRC,12851
47.1008,-0.28743,0.81,BTH,8164
47.10444,-0.28776,3.53,VRC,29652
47.09678,-0.28666,0.31,VRC,2603
47.07502,-0.28483,0.27,VRN,2268
47.07608,-0.28414,1.25,VRC,10500
47.20094,-0.25178,1.27,MIS,13550
47.06991,-0.28357,1.42,VRC,11927
47.07064,-0.28279,1.05,VRC,8820
47.07532,-0.28352,1.17,VRC,9828
47.08096,-0.28514,1.34,MIE,14297
47.07976,-0.28508,0.55,VRC,4620
47.08048,-0.28459,0.29,VRC,2435
47.08112,-0.2841,0.66,VRC,5544
47.08383,-0.2843,4.04,VRC,33936
47.0684,-0.28257,0.71,VRC,5963
47.06884,-0.28238,0.52,VRC,4367
47.0714,-0.28267,0.47,VRC,3948
47.06949,-0.2824,0.77,VRC,6468
47.07564,-0.28244,0.73,VRC,6132
47.07013,-0.28191,0.44,VRC,3696
47.0715,-0.28194,1.05,VRC,8820
47.06996,-0.28154,0.61,BTH,6148
47.07386,-0.28206,0.73,BTH,7358
47.08127,-0.28325,0.22,VRC,1848
47.08112,-0.28262,0.52,VRC,4367
47.08051,-0.28159,1.52,VRC,12768
47.0823,-0.28278,0.66,ORH,4428
47.0848,-0.28247,1.48,MIS,15791
47.08356,-0.28206,0.81,MIS,8642
47.09512,-0.28538,1.91,MIS,20379
47.09982,-0.28611,1.96,BTH,19756
47.09783,-0.28498,6.33,MIE,67541
47.09117,-0.28443,8.67,BTH,87393
47.08932,-0.28321,0.33,VRC,2772
47.09326,-0.28269,1.27,BTH,12801
47.10406,-0.28484,0.97,VRC,8148
47.10102,-0.28468,3.6,BTH,36288
47.10414,-0.2836,2.01,VRC,16883
47.10498,-0.29018,1.47,VRC,12347
47.10946,-0.28889,0.54,BTH,5443
47.1102,-0.28905,2.55,VRC,21420
47.11556,-0.28982,4.44,BDH,44755
47.10884,-0.28883,2.29,MLG,7328
47.11166,-0.28846,4.57,VRC,38388
47.10928,-0.28767,1.0,VRC,8399
47.10734,-0.28681,6.55,MIS,69888
47.1241,-0.28961,4.05,VRC,34019
47.13618,-0.29206,6.93,BTH,69854
47.14026,-0.29126,1.94,ORH,13017
47.13262,-0.29129,6.02,BTH,60681
47.13978,-0.2909,0.4,VRC,3360
47.13988,-0.2904,1.09,MIE,11630
47.12848,-0.28953,2.14,BTH,21571
47.12524,-0.28813,1.48,VRC,12431
47.13203,-0.28795,14.37,BTH,144849
47.13944,-0.29008,1.03,MIE,10990
47.14014,-0.28968,0.4,VRC,3360
47.13488,-0.28832,4.81,BTH,48484
47.13732,-0.28949,3.01,MIE,32116
47.14001,-0.28938,0.63,VRC,5292
47.13824,-0.28844,0.63,VRC,5292
47.14022,-0.28888,0.33,VRC,2772
47.10537,-0.28613,0.44,VRC,3696
47.10932,-0.28626,2.25,VRC,18900
47.11072,-0.28718,0.68,VRC,5712
47.11088,-0.28683,0.42,BTH,4233
47.10574,-0.28528,1.36,VRN,11424
47.11454,-0.28607,3.35,BTH,33768
47.1092,-0.28465,1.2,VRC,10079
47.10696,-0.28372,4.65,VRC,39060
47.14418,-0.24244,1.15,BTH,11591
47.11778,-0.28481,1.24,BTH,12499
47.12641,-0.28725,6.34,MLG,20288
47.13658,-0.28788,2.92,BTH,29433
47.14002,-0.2881,3.6,BTH,36288
47.13874,-0.28724,0.44,VRC,3696
47.1286,-0.28674,11.69,BTH,117835
47.13021,-0.28521,1.09,BTH,10987
47.13527,-0.28606,2.6,MIE,27742
47.13766,-0.28657,1.55,MIE,16538
47.1386,-0.28672,0.12,VRC,1008
47.13848,-0.28601,0.69,VRC,5795
47.1402,-0.28621,1.71,VRC,14363
47.06954,-0.28092,5.47,VRC,45948
47.0775,-0.28121,5.75,VRC,48300
47.0787,-0.28107,0.6,BTH,6048
47.08145,-0.28146,0.61,VRC,5124
47.14525,-0.24264,0.78,BTH,7862
47.08191,-0.28111,1.42,BTH,14313
47.08242,-0.281,0.21,VRC,1763
47.08596,-0.281,6.32,BTH,63705
47.0822,-0.28029,0.13,VRC,1091
47.08278,-0.28049,0.34,VRC,2856
47.07176,-0.27906,6.12,BTH,61689
47.07588,-0.27959,7.22,BTH,72777
47.08066,-0.27948,1.0,VRN,8399
47.08142,-0.27967,0.8,VRC,6720
47.0822,-0.27908,0.32,VRC,2687
47.08858,-0.28223,0.69,MIE,7362
47.09385,-0.28178,0.64,BTH,6451
47.08951,-0.28076,3.1,BTH,31248
47.09596,-0.28142,5.02,MIS,53563
47.10542,-0.28249,4.15,VRC,34860
47.10098,-0.28231,2.47,VRC,20748
47.10465,-0.2815,0.67,BTH,6753
47.1041,-0.28195,0.78,VRC,6552
47.09142,-0.27997,9.08,BTH,91526
47.09677,-0.28075,2.6,MIS,27742
47.10062,-0.28118,3.82,BTH,38505
47.10338,-0.28008,8.72,VRC,73248
47.1053,-0.27996,1.0,VRC,8399
47.07488,-0.27799,1.71,BTH,17236
47.07198,-0.27679,1.15,ORH,7716
47.0738,-0.27631,6.71,BTH,67636
47.07792,-0.27807,1.69,TRN,14787
47.08073,-0.27789,0.76,TRN,6649
47.08431,-0.27746,6.65,BTH,67032
47.08601,-0.27821,4.23,BTH,42638
47.06908,-0.27639,15.33,BTH,154526
47.07168,-0.27498,5.24,TRN,45850
47.09502,-0.27904,0.64,BTH,6451
47.09578,-0.27864,1.13,BTH,11390
47.09694,-0.27914,3.55,BTH,35784
47.10482,-0.2795,0.35,VRC,2939
47.10457,-0.27957,0.2,VRC,1680
47.10098,-0.27907,1.85,BTH,18648
47.09386,-0.27715,0.12,VRC,1008
47.09418,-0.27733,0.41,BTH,4132
47.09158,-0.27586,0.65,VRG,5369
47.09362,-0.27615,0.62,VRC,5207
47.0976,-0.27733,3.19,MIS,34037
47.10112,-0.27787,1.89,VRN,15876
47.11184,-0.28233,9.23,VRC,77532
47.11382,-0.28227,4.46,VRC,37463
47.11486,-0.28331,3.4,BTH,34272
47.11776,-0.28373,3.07,VRC,25788
47.11768,-0.28248,0.78,MIS,8322
47.108,-0.28099,4.84,VRC,40656
47.10615,-0.28038,2.38,VRC,19992
47.1103,-0.28166,4.75,TRN,41562
47.12116,-0.28148,3.56,MIS,37985
47.12694,-0.28448,2.59,MIS,27635
47.12424,-0.2838,3.32,MIS,35424
47.13126,-0.28316,8.24,BTH,83059
47.13296,-0.28457,3.06,BTH,30844
47.1373,-0.28423,0.94,BTH,9475
47.14075,-0.28535,0.64,ORH,4294
47.13796,-0.28411,1.88,BTH,18950
47.13294,-0.28339,2.12,CZH,28238
47.12728,-0.28144,0.98,BTH,9878
47.1347,-0.28395,4.41,MIS,47054
47.13556,-0.2844,4.62,MIS,49295
47.13648,-0.28279,2.78,BTH,28022
47.13999,-0.28376,0.82,BTH,8265
47.14031,-0.28281,2.1,CZH,27972
47.1373,-0.28189,4.45,BTH,44855
47.11148,-0.27947,1.86,CZH,24775
47.11816,-0.28058,6.46,BTH,65116
47.1143,-0.27917,7.77,BTH,78321
47.1228,-0.28083,10.19,ORH,68374
47.1086,-0.27894,4.23,TRN,37012
47.10692,-0.27794,4.13,VRC,34692
47.10544,-0.27759,3.14,VRC,26376
47.11199,-0.27721,3.9,TRN,34125
47.11964,-0.27742,4.47,TRN,39112
47.1219,-0.27751,4.47,MIS,47694
47.13062,-0.28098,3.63,BTH,36590
47.1334,-0.28086,0.79,BTH,7963
47.13342,-0.28008,1.54,BTH,15523
47.14067,-0.28043,3.86,BTH,38908
47.13272,-0.2793,2.67,BTH,26913
47.1321,-0.27826,1.61,BTH,16228
47.13426,-0.27976,0.73,MIS,7789
47.13622,-0.27931,9.19,MIS,98057
47.13914,-0.27908,3.97,MIS,42359
47.14209,-0.29174,1.47,TRN,12862
47.14576,-0.29208,1.07,TRN,9362
47.1439,-0.29149,5.02,VRC,42167
47.14604,-0.29169,0.94,VRC,7895
47.14992,-0.29142,3.29,BDH,33163
47.1549,-0.29222,1.56,ORH,10467
47.15224,-0.29137,1.96,BTH,19756
47.1537,-0.29206,3.2,BTH,32256
47.16013,-0.29189,0.55,VRC,4620
47.1419,-0.29028,2.55,VRC,21420
47.14588,-0.29103,1.64,CZH,21844
47.1461,-0.29003,1.08,VRC,9072
47.14864,-0.29044,4.09,TRN,35787
47.14424,-0.28967,1.91,BTH,19252
47.14588,-0.28902,1.8,CZH,23976
47.15481,-0.2906,4.4,MIE,46948
47.15871,-0.29136,1.2,VRC,10079
47.15716,-0.29087,1.36,VRC,11424
47.15991,-0.29066,0.25,VRC,2099
47.16052,-0.29362,1.14,VRC,9575
47.16148,-0.29337,0.4,VRC,3360
47.16345,-0.29304,1.32,VRC,11088
47.16049,-0.29248,0.73,VRN,6132
47.16486,-0.29211,0.6,VRC,5039
47.16562,-0.29251,4.42,VRC,37128
47.16881,-0.293,1.69,MIE,18032
47.1768,-0.2941,2.49,BTH,25099
47.1705,-0.29215,1.14,VRC,9575
47.16136,-0.2911,3.62,VRC,30408
47.16296,-0.29182,2.53,VRC,21252
47.16476,-0.29135,1.63,VRC,13691
47.16735,-0.29191,2.53,VRC,21252
47.16518,-0.29024,1.47,VRC,12347
47.1673,-0.29031,2.01,VRC,16883
47.17104,-0.29162,1.41,VRC,11843
47.17773,-0.29255,0.68,BTH,6854
47.17878,-0.2933,1.0,VRC,8399
47.17179,-0.29123,0.53,VRC,4452
47.14806,-0.28822,5.08,BTH,51206
47.1497,-0.28805,2.64,BTH,26611
47.15718,-0.28978,0.82,BTH,8265
47.15846,-0.28966,1.9,BTH,19152
47.15976,-0.28951,0.87,VRC,7307
47.15723,-0.2891,0.72,VRC,6048
47.15191,-0.2884,3.74,ORH,25095
47.15703,-0.28873,0.45,VRC,3780
47.15708,-0.28829,0.36,MIE,3841
47.14456,-0.28698,10.11,BTH,101908
47.15069,-0.28761,3.38,BTH,34070
47.14631,-0.28668,4.03,ORH,27041
47.15383,-0.28729,1.21,CZH,16117
47.15716,-0.2875,1.42,BTH,14313
47.1583,-0.28778,1.31,VRC,11004
47.15951,-0.2874,1.74,VRC,14615
47.1602,-0.28666,0.34,VRC,2856
47.16266,-0.29014,2.4,VRC,20160
47.16672,-0.29009,0.52,VRC,4367
47.16956,-0.28976,1.23,VRC,10331
47.1611,-0.28892,0.89,VRC,7475
47.1652,-0.28938,1.8,VRC,15120
47.16734,-0.2894,2.04,VRC,17136
47.17031,-0.28902,2.3,BTH,23184
47.16089,-0.2882,1.07,VRC,8988
47.16207,-0.2884,1.82,VRC,15287
47.16447,-0.28838,1.84,VRC,15456
47.16078,-0.28743,0.99,VRC,8315
47.1666,-0.28849,0.27,VRC,2268
47.16804,-0.28865,1.69,VRC,14196
47.16422,-0.28748,1.83,VRC,15372
47.16254,-0.2867,1.99,VRC,16715
47.16662,-0.28748,0.5,VRC,4199
47.17173,-0.2884,5.2,BDH,52416
47.17626,-0.2892,1.85,TRN,16187
47.173,-0.28794,1.73,MIS,18459
47.17805,-0.28877,4.42,BTH,44553
47.1788,-0.29436,2.31,VRC,19404
47.18512,-0.29433,0.49,VRC,4116
47.1823,-0.29349,1.33,VRN,11172
47.18404,-0.2938,0.9,CZH,11988
47.18702,-0.29258,5.76,CZH,76723
47.18592,-0.29337,0.67,ORH,4495
47.1804,-0.29258,1.58,MIS,16858
47.17932,-0.29209,1.58,VRC,13272
47.18252,-0.29218,3.16,BTH,31852
47.1887,-0.29347,2.36,BTH,23788
47.18926,-0.29245,0.93,CZH,12387
47.20596,-0.29616,3.48,BTH,35078
47.19989,-0.29525,1.76,BTH,17740
47.20032,-0.29406,1.47,BTH,14817
47.21268,-0.2968,1.2,MIE,12804
47.21372,-0.2969,3.77,MIE,40225
47.20222,-0.29385,1.0,MIS,10670
47.19818,-0.293,0.86,BTH,8668
47.20488,-0.2932,8.72,ORH,58511
47.20886,-0.29403,3.89,BTH,39211
47.20716,-0.29348,1.2,MIS,12804
47.21145,-0.29379,1.56,CZH,20779
47.17935,-0.29092,0.43,VRC,3612
47.18184,-0.29015,2.49,BTH,25099
47.18488,-0.28989,2.65,CZH,35298
47.19664,-0.2919,1.48,BDH,14918
47.18837,-0.29022,1.88,BTH,18950
47.18058,-0.28935,3.4,BTH,34272
47.18188,-0.2881,2.47,VRC,20748
47.19789,-0.29187,2.15,CZH,28638
47.20008,-0.29237,4.33,MIS,46201
47.2027,-0.28977,2.5,BTH,25200
47.20422,-0.29003,0.73,BTH,7358
47.20036,-0.2898,6.22,BTH,62697
47.2041,-0.28944,0.7,BTH,7055
47.20884,-0.29151,1.19,BTH,11995
47.21044,-0.29087,13.4,BTH,135072
47.1474,-0.28585,1.94,MIS,20699
47.14956,-0.28535,2.69,BTH,27115
47.14236,-0.28421,2.37,BTH,23889
47.1487,-0.28449,2.07,MIS,22086
47.1523,-0.28581,3.18,MIE,33930
47.15727,-0.28638,0.31,VRC,2603
47.15779,-0.28627,0.34,VRC,2856
47.15882,-0.28612,0.65,VRC,5460
47.15215,-0.28492,0.75,BTH,7560
47.1584,-0.28507,3.1,VRC,26040
47.143,-0.28319,2.67,BTH,26913
47.15008,-0.28418,1.87,BTH,18849
47.14478,-0.28295,0.38,VRC,3192
47.14894,-0.28266,1.54,BTH,15523
47.15251,-0.28419,2.07,ORH,13889
47.15782,-0.28432,0.43,VRC,3612
47.15779,-0.28407,0.47,VRC,3948
47.15756,-0.28354,0.81,VRC,6804
47.16038,-0.28354,1.99,VRC,16715
47.16107,-0.2865,0.75,VRC,6300
47.16446,-0.28666,1.43,VRC,12011
47.16641,-0.28697,0.82,VRC,6888
47.16687,-0.28622,0.92,VRC,7728
47.16194,-0.28597,0.53,VRC,4452
47.1646,-0.28581,1.16,VRC,9743
47.16309,-0.28553,0.84,VRC,7055
47.16084,-0.28486,0.6,VRC,5039
47.17599,-0.28746,2.22,VRC,18648
47.17391,-0.2865,4.88,BTH,49190
47.16124,-0.28474,0.57,VRC,4787
47.1629,-0.28432,1.76,VRC,14783
47.16316,-0.28379,0.39,VRC,3276
47.16515,-0.2834,2.28,VRC,19152
47.17152,-0.28432,1.84,VRC,15456
47.17616,-0.28569,1.44,SOG,14284
47.17246,-0.28429,1.26,VRC,10584
47.17292,-0.28465,0.43,VRC,3612
47.17387,-0.28399,2.96,TTH,25692
47.17681,-0.28498,0.91,VRC,7643
47.17852,-0.28489,6.33,BTH,63806
47.1447,-0.28225,1.21,BTH,12196
47.14267,-0.28167,2.61,BTH,26308
47.14752,-0.28253,4.04,MIS,43106
47.1444,-0.281,3.01,BTH,30340
47.14951,-0.28161,1.74,TRN,15224
47.15608,-0.28213,5.91,BTH,59572
47.15292,-0.28026,13.82,MIS,147459
47.15894,-0.28174,3.74,ORH,25095
47.15781,-0.28129,1.66,ORH,11138
47.14192,-0.28005,2.01,BTH,20260
47.14926,-0.2805,1.09,BTH,10987
47.14865,-0.28023,3.06,BTH,30844
47.16078,-0.28114,3.44,CZH,45820
47.16446,-0.28251,1.49,BTH,15019
47.16602,-0.28182,1.48,VRC,12431
47.16641,-0.28165,0.42,VRC,3527
47.16975,-0.28352,0.5,VRC,4199
47.1753,-0.28393,0.69,TTH,5989
47.17116,-0.28324,3.16,CZH,42091
47.16188,-0.28103,2.0,VRC,16799
47.16252,-0.28086,0.55,VRC,4620
47.16361,-0.28167,2.25,VRC,18900
47.16445,-0.28108,0.88,MIS,9389
47.1674,-0.28258,3.43,VRC,28812
47.16522,-0.28139,0.85,VRC,7139
47.16798,-0.28124,1.51,BTH,15220
47.16526,-0.28055,0.37,VRC,3107
47.17052,-0.28152,0.58,VRC,4871
47.17114,-0.28135,0.88,VRC,7391
47.17586,-0.28202,1.11,ORP,7448
47.17764,-0.28231,0.93,VRC,7811
47.17491,-0.28188,2.41,BTH,24292
47.1718,-0.28111,0.99,BTH,9979
47.17276,-0.28064,1.02,BTH,10281
47.17666,-0.28083,1.52,BTH,15321
47.18412,-0.28744,8.54,BTH,86083
47.18089,-0.28664,2.59,VRC,21756
47.18594,-0.28662,4.33,BTH,43646
47.18033,-0.28576,0.5,VRC,4199
47.18035,-0.28537,0.49,VRC,4116
47.18034,-0.28484,1.3,VRC,10920
47.18362,-0.28456,4.34,CZH,57808
47.18528,-0.28536,0.52,BTH,5241
47.18492,-0.28514,0.51,BTH,5140
47.20534,-0.28917,6.45,MIS,68821
47.20258,-0.28856,0.82,BTH,8265
47.20294,-0.28815,0.28,BTH,2822
47.20331,-0.28767,1.07,BTH,10785
47.1989,-0.28638,1.71,BTH,17236
47.2003,-0.28716,0.72,CZH,9590
47.19976,-0.28658,2.79,CZH,37162
47.20171,-0.28713,4.19,CZH,55810
47.20646,-0.28703,1.89,MIS,20166
47.20986,-0.28756,8.42,BTH,84873
47.17926,-0.2839,1.4,VRN,11759
47.17998,-0.28307,1.55,VRC,13020
47.18436,-0.2824,1.4,CZH,18648
47.2126,-0.28612,1.89,BTH,19051
47.21342,-0.28491,5.28,BTH,53222
47.20859,-0.28447,7.17,MIS,76503
47.15442,-0.27661,1.75,CZH,23310
47.21196,-0.28329,2.35,BTH,23688
47.0845,-0.27534,1.36,VRC,11424
47.08343,-0.27371,1.36,VRC,11424
47.08375,-0.27339,0.28,VRC,2352
47.07112,-0.27274,2.55,BTH,25704
47.07642,-0.27257,3.44,TRN,30100
47.07484,-0.27283,4.34,TRN,37975
47.08417,-0.27325,0.38,VRC,3192
47.0856,-0.2728,0.64,ORP,4294
47.08836,-0.27535,1.0,VRC,8399
47.09248,-0.27548,0.09,VRC,756
47.09458,-0.27433,2.04,BTH,20563
47.09748,-0.27497,2.01,BTH,20260
47.09796,-0.2757,1.37,BTH,13809
47.10336,-0.27544,2.5,VRC,21000
47.10095,-0.27469,4.37,MIE,46627
47.10468,-0.27491,2.18,VRC,18312
47.08774,-0.27257,3.16,ORP,21203
47.09164,-0.2727,4.18,BTH,42134
47.105,-0.27412,0.76,VRC,6384
47.10432,-0.27323,3.62,BTH,36489
47.07622,-0.27094,0.7,MIS,7468
47.06908,-0.27028,3.18,TRN,27825
47.07342,-0.26962,5.91,CZH,78721
47.08662,-0.2717,2.53,VRC,21252
47.08599,-0.27045,0.23,ORH,1543
47.07298,-0.26854,0.74,TRN,6475
47.07551,-0.26962,2.66,ORH,17848
47.07211,-0.26846,1.78,ORH,11943
47.07148,-0.26804,0.36,TRN,3149
47.08566,-0.27018,0.4,ORH,2684
47.07931,-0.26863,1.42,BTH,14313
47.08636,-0.26917,0.72,BTH,7257
47.08571,-0.26911,1.27,VRC,10668
47.10224,-0.27262,4.75,VRC,39900
47.08826,-0.26998,1.06,VRC,8904
47.09026,-0.26996,0.18,MIE,1920
47.09458,-0.27028,0.79,CZH,10522
47.09585,-0.2704,1.5,CZH,19980
47.08968,-0.26947,1.34,BTH,13507
47.08846,-0.26892,0.58,TRN,5075
47.0971,-0.26976,0.93,BTH,9374
47.12436,-0.27161,14.3,BTH,144144
47.11346,-0.27654,3.69,BTH,37195
47.11528,-0.27611,3.29,BTH,33163
47.10828,-0.27452,11.93,TRN,104387
47.11193,-0.27512,2.13,BTH,21470
47.12308,-0.27542,1.79,CZH,23842
47.12511,-0.27695,3.6,CZH,47952
47.13169,-0.27715,3.17,CZH,42224
47.13426,-0.27827,0.68,CZH,9057
47.14154,-0.27833,1.52,BTH,15321
47.1406,-0.27661,6.01,BTH,60580
47.13052,-0.27634,4.07,BTH,41025
47.12672,-0.27489,8.23,BTH,82958
47.1334,-0.27633,2.98,MIS,31796
47.13774,-0.27612,1.5,MIS,16004
47.1387,-0.27607,1.54,BTH,15523
47.13561,-0.27493,8.48,MIS,90481
47.11518,-0.27306,8.23,MIS,87814
47.11703,-0.27245,0.6,MIS,6402
47.12046,-0.27466,12.47,BTH,125697
47.119,-0.2733,7.11,CZH,94705
47.1065,-0.27131,2.83,CZH,37695
47.10841,-0.27197,4.96,BTH,49996
47.115,-0.27052,1.42,BTH,14313
47.11804,-0.27032,9.66,MIS,103072
47.12989,-0.27478,2.27,CZH,30236
47.1327,-0.27407,2.85,BTH,28728
47.13093,-0.27347,2.75,MIS,29342
47.12724,-0.27279,3.52,BTH,35481
47.12921,-0.27296,2.74,BTH,27619
47.14129,-0.27473,3.88,BTH,39110
47.13398,-0.27308,1.83,BTH,18446
47.13859,-0.27399,5.16,BTH,52012
47.12878,-0.27147,1.11,TRN,9712
47.14174,-0.27299,2.02,BTH,20361
47.13923,-0.27203,3.54,BTH,35683
47.07053,-0.26727,0.53,ORP,3556
47.07575,-0.26773,3.2,BTH,32256
47.07196,-0.26668,1.09,ORH,7313
47.07408,-0.26617,2.64,ORP,17714
47.0853,-0.2687,1.82,ORH,12212
47.07811,-0.26708,0.69,ORP,4629
47.08027,-0.26697,4.5,BTH,45359
47.08459,-0.26718,2.73,BTH,27518
47.07126,-0.26565,2.73,BTH,27518
47.07694,-0.26667,2.18,BTH,21974
47.07591,-0.26455,2.51,ORP,16842
47.07899,-0.26621,2.25,TRN,19687
47.07789,-0.26525,1.66,MIS,17712
47.09096,-0.26778,1.9,TRN,16625
47.09702,-0.2685,1.1,TRN,9625
47.09668,-0.26807,1.76,CZH,23443
47.08812,-0.26652,3.83,TRN,33512
47.09546,-0.26747,3.48,TRN,30450
47.09968,-0.26748,2.14,BTH,21571
47.09776,-0.26715,2.59,BTH,26107
47.09873,-0.26697,1.12,BTH,11289
47.10279,-0.26641,0.44,CZH,5860
47.07366,-0.26435,5.06,BTH,51004
47.08018,-0.2647,2.04,CZH,27172
47.08256,-0.26405,1.13,MIS,12057
47.09274,-0.26512,1.76,BTH,17740
47.08162,-0.26373,3.24,BTH,32659
47.08647,-0.26482,7.68,BTH,77414
47.07584,-0.2619,8.04,BTH,81043
47.0771,-0.26199,0.37,ORP,2482
47.0795,-0.26338,7.39,CZH,98434
47.08328,-0.26264,1.02,MIS,10883
47.07818,-0.26149,7.07,ORH,47439
47.08364,-0.26199,0.99,MIS,10563
47.08502,-0.26192,1.44,BTH,14515
47.08816,-0.26376,2.23,BTH,22478
47.09376,-0.26471,0.17,BTH,1713
47.09452,-0.26417,0.52,VRC,4367
47.09936,-0.26576,0.59,TRN,5162
47.10243,-0.26591,0.8,BTH,8064
47.09454,-0.26393,0.45,VRC,3780
47.0932,-0.26335,2.3,VRC,19320
47.09473,-0.26354,0.61,VRC,5124
47.08895,-0.26231,1.77,TRN,15487
47.09422,-0.26301,0.73,VRC,6132
47.09468,-0.26233,0.96,VRC,8064
47.10044,-0.26422,0.57,BTH,5745
47.09808,-0.26409,2.15,BTH,21672
47.10452,-0.2643,3.95,BTH,39816
47.09648,-0.26275,6.54,TRN,57225
47.09972,-0.26362,3.17,BTH,31953
47.10773,-0.26823,6.61,TRN,57837
47.1098,-0.2677,3.33,BTH,33566
47.11282,-0.26985,13.0,BTH,131040
47.11594,-0.27024,1.39,MIS,14831
47.11198,-0.26739,7.07,CZH,94172
47.11529,-0.26735,1.68,BTH,16934
47.12824,-0.27056,0.5,BTH,5040
47.12878,-0.2702,1.12,MIS,11950
47.13313,-0.27088,3.57,MIS,38091
47.13433,-0.27066,3.48,BTH,35078
47.14146,-0.27155,1.94,BTH,19555
47.13648,-0.26979,6.14,BTH,61891
47.13952,-0.27069,1.99,BTH,20059
47.12575,-0.26822,6.64,BTH,66931
47.13018,-0.26938,1.9,BTH,19152
47.13148,-0.26921,2.46,TRN,21525
47.13736,-0.26921,2.0,BTH,20160
47.14128,-0.27003,1.3,MIS,13871
47.13323,-0.26834,4.5,TRN,39375
47.10881,-0.26599,1.55,MIS,16538
47.11978,-0.26819,19.97,MIS,213079
47.10938,-0.26495,1.9,BTH,19152
47.10666,-0.26445,2.14,TRN,18725
47.10814,-0.26427,4.28,MIS,45667
47.10673,-0.26315,0.26,BTH,2620
47.10986,-0.26372,1.91,BTH,19252
47.12694,-0.26641,17.77,BTH,179121
47.13743,-0.26797,0.55,BTH,5544
47.14127,-0.26791,0.04,BTH,403
47.13304,-0.2655,6.56,MIS,69995
47.13808,-0.26639,0.32,VRC,2687
47.136,-0.26566,10.96,TRN,95900
47.14156,-0.26549,0.05,BTH,504
47.14233,-0.26561,2.93,BTH,29534
47.14622,-0.27912,5.38,BTH,54230
47.14295,-0.27805,3.25,BTH,32760
47.14808,-0.27831,0.9,FLA,18000
47.15118,-0.27806,5.16,BTH,52012
47.15894,-0.27888,1.54,CZH,20512
47.15988,-0.27918,0.76,ORP,5099
47.14277,-0.27691,0.83,BTH,8366
47.14532,-0.27584,7.65,BTH,77112
47.15034,-0.27608,2.08,ORH,13956
47.14765,-0.27652,6.01,BDH,60580
47.15308,-0.27737,3.7,BDH,37296
47.15948,-0.27768,0.57,VRC,4787
47.15856,-0.27766,0.95,VRC,7979
47.15238,-0.27598,0.34,VRC,2856
47.16206,-0.28001,1.15,VRC,9659
47.16378,-0.28005,1.02,VRC,8568
47.16508,-0.27969,0.91,ORP,6106
47.1637,-0.27931,0.45,VRC,3780
47.1621,-0.27876,1.49,VRC,12515
47.16374,-0.27893,0.49,VRC,4116
47.16462,-0.27905,0.61,VRN,5124
47.1608,-0.27886,3.23,CZH,43023
47.17557,-0.28071,1.6,BTH,16128
47.17109,-0.27985,3.75,BTH,37800
47.16176,-0.27781,1.05,VRC,8820
47.16348,-0.27748,1.5,VRC,12600
47.16452,-0.27798,1.46,VRC,12264
47.16202,-0.27669,1.7,VRC,14279
47.16427,-0.27675,0.61,VRC,5124
47.16628,-0.27721,2.7,SOG,26784
47.17362,-0.27886,1.49,BTH,15019
47.16339,-0.27649,0.76,VRC,6384
47.17267,-0.27859,1.73,CZH,23043
47.17866,-0.27907,2.51,CZH,33433
47.17755,-0.27916,4.62,CZH,61538
47.1746,-0.27877,1.63,ORH,10937
47.17633,-0.27741,2.25,MLG,7200
47.14256,-0.27514,1.08,MIS,11523
47.15004,-0.27559,1.27,MIS,13550
47.14374,-0.2743,5.4,BTH,54432
47.14951,-0.27418,4.68,MIS,49935
47.15212,-0.27591,0.21,VRC,1763
47.15222,-0.27549,0.6,VRC,5039
47.15358,-0.27527,1.51,VRC,12684
47.15918,-0.27527,0.29,VRC,2435
47.15084,-0.27391,2.29,TRN,20037
47.14904,-0.27307,2.17,MIS,23153
47.14843,-0.27258,1.09,MIS,11630
47.15606,-0.27422,0.36,VRC,3024
47.15727,-0.27402,1.21,BTH,12196
47.15766,-0.2741,0.37,BTH,3729
47.15788,-0.27411,0.54,VRC,4536
47.15829,-0.27425,0.78,VRC,6552
47.15854,-0.27376,0.41,VRC,3444
47.15968,-0.27388,1.67,VRC,14027
47.15884,-0.27352,0.86,VRC,7223
47.15703,-0.27313,1.07,BTH,10785
47.16128,-0.27552,1.57,VRC,13187
47.1642,-0.27609,0.59,BTH,5947
47.16592,-0.27661,1.69,BTH,17035
47.16264,-0.27579,0.33,VRC,2772
47.16263,-0.2757,0.24,VRN,2016
47.16284,-0.27518,0.41,VRC,3444
47.16429,-0.27527,0.91,VRC,7643
47.16624,-0.27574,0.87,VRC,7307
47.16594,-0.27523,1.71,VRC,14363
47.1784,-0.27696,1.77,VRC,14868
47.17366,-0.27679,4.36,CZH,58075
47.1726,-0.2759,1.88,VRC,15791
47.17721,-0.27638,2.0,VRC,16799
47.16279,-0.27472,0.44,VRC,3696
47.16501,-0.27453,0.72,BTH,7257
47.16153,-0.27446,0.39,VRC,3276
47.16247,-0.27418,0.69,VRC,5795
47.16387,-0.27437,0.63,VRC,5292
47.16883,-0.27482,1.16,BTH,11692
47.17838,-0.2754,0.97,BTH,9777
47.17616,-0.27475,2.0,CZH,26640
47.17186,-0.27419,3.0,BTH,30240
47.17668,-0.27431,0.24,VRC,2016
47.17982,-0.28074,3.97,BTH,40017
47.18008,-0.27887,1.28,BTH,12902
47.18147,-0.27845,1.9,CZH,25308
47.18384,-0.28032,4.07,BTH,41025
47.17978,-0.27776,0.1,VRC,840
47.20735,-0.28209,1.12,BTH,11289
47.20768,-0.28189,0.69,CZH,9190
47.20878,-0.28225,2.01,BTH,20260
47.21126,-0.28147,2.42,MIS,25821
47.21044,-0.2803,2.77,BTH,27921
47.21314,-0.28138,10.16,BTH,102412
47.20736,-0.27902,1.68,MIS,17925
47.18297,-0.27776,2.27,CZH,30236
47.17972,-0.27735,0.64,VRC,5375
47.18238,-0.27669,3.57,CZH,47552
47.17944,-0.27658,0.89,VRC,7475
47.20702,-0.27831,3.44,ORH,23082
47.20957,-0.27877,1.93,ORH,12950
47.20952,-0.2785,1.2,BTH,12096
47.21586,-0.27864,1.66,CZH,22111
47.21336,-0.27824,2.44,BTH,24595
47.14308,-0.2716,8.46,BTH,85276
47.14802,-0.27133,4.27,BTH,43041
47.14419,-0.27076,0.98,BTH,9878
47.14528,-0.27083,4.81,BTH,48484
47.15216,-0.27235,1.28,BTH,12902
47.15968,-0.27271,0.49,VRC,4116
47.15682,-0.27211,0.96,VRC,8064
47.15234,-0.27124,0.97,MIS,10349
47.15352,-0.27212,1.96,TRN,17150
47.1548,-0.27135,6.22,TRN,54425
47.15798,-0.27192,1.99,VRC,16715
47.15868,-0.27144,0.29,VRC,2435
47.15926,-0.27161,0.28,VRC,2352
47.1497,-0.27075,2.29,MIS,24434
47.14992,-0.26925,0.49,MIS,5228
47.1752,-0.27164,0.36,VRC,3024
47.15121,-0.26971,4.06,MIS,43320
47.15977,-0.27145,0.92,VRC,7728
47.1559,-0.27039,3.3,TRN,28875
47.16033,-0.27017,1.07,VRC,8988
47.15688,-0.26971,1.07,VRC,8988
47.15732,-0.26999,0.41,VRC,3444
47.15919,-0.26971,0.79,VRC,6636
47.16322,-0.27309,3.23,VRC,27132
47.16195,-0.27221,0.15,VRC,1259
47.16234,-0.27156,0.82,VRC,6888
47.16284,-0.27176,0.2,VRC,1680
47.1677,-0.27197,1.53,BTH,15422
47.17782,-0.27398,1.22,CZH,16250
47.17921,-0.27343,2.06,VRC,17304
47.17244,-0.27262,0.94,VRC,7895
47.17156,-0.27212,4.6,VRC,38639
47.17417,-0.27236,1.45,CZH,19314
47.17556,-0.27286,0.81,CZH,10789
47.17598,-0.27266,0.67,VRC,5628
47.17704,-0.27261,1.14,CZH,15184
47.17882,-0.27262,1.16,VRC,9743
47.1633,-0.27117,1.05,VRC,8820
47.16102,-0.27085,0.8,VRC,6720
47.16893,-0.27129,0.92,VRC,7728
47.16292,-0.27038,1.02,VRC,8568
47.16552,-0.27024,2.14,VRC,17976
47.17828,-0.27158,1.55,BTH,15623
47.17538,-0.27133,0.42,VRC,3527
47.14431,-0.26848,0.98,BTH,9878
47.14548,-0.26864,2.36,TRN,20650
47.14205,-0.26776,1.83,BTH,18446
47.14594,-0.26843,2.16,TRN,18900
47.14204,-0.26775,0.13,BTH,1310
47.14618,-0.26685,3.55,BTH,35784
47.16038,-0.269,0.85,VRC,7139
47.15334,-0.26831,11.0,MIS,117370
47.15918,-0.26867,0.54,VRC,4536
47.15671,-0.26817,1.03,TRN,9012
47.16052,-0.26806,1.06,VRC,8904
47.14692,-0.26643,1.28,BTH,12902
47.1494,-0.26703,3.66,BTH,36892
47.14764,-0.26543,4.02,BTH,40521
47.15066,-0.26595,1.76,BTH,17740
47.1563,-0.26731,2.86,BTH,28828
47.159,-0.26795,1.37,VRC,11508
47.16028,-0.26761,0.1,VRC,840
47.15578,-0.26588,3.27,TRN,28612
47.15884,-0.26647,2.08,TRN,18200
47.17572,-0.26771,0.43,VRC,3612
47.1605,-0.26634,0.51,VRC,4284
47.1611,-0.27,1.09,VRC,9156
47.16276,-0.26983,0.36,VRC,3024
47.16252,-0.26933,1.71,VRC,14363
47.165,-0.26914,3.02,BTH,30441
47.16836,-0.26851,0.43,VRC,3612
47.1717,-0.27008,4.01,CZH,53413
47.17333,-0.27032,2.95,BTH,29736
47.17538,-0.26992,1.45,VRC,12179
47.17662,-0.2704,2.55,MIS,27208
47.17488,-0.26963,0.6,BTH,6048
47.17844,-0.27057,5.17,BTH,52113
47.1618,-0.26783,0.49,VRC,4116
47.1643,-0.26819,1.15,VRC,9659
47.1671,-0.26826,2.12,BTH,21369
47.17141,-0.26859,5.2,CZH,69264
47.17224,-0.26779,0.92,VRC,7728
47.17354,-0.2687,2.8,CZH,37296
47.17641,-0.26889,0.73,VRC,6132
47.17468,-0.26781,1.17,ORH,7850
47.17674,-0.26805,0.41,CZH,5461
47.1751,-0.26828,0.5,BTH,5040
47.17556,-0.26854,1.09,VRC,9156
47.18276,-0.27367,2.1,BTH,21168
47.18101,-0.27171,6.41,BTH,64612
47.17948,-0.27116,0.66,BTH,6652
47.20485,-0.27556,0.72,BTH,7257
47.20574,-0.27553,1.04,BTH,10483
47.20722,-0.27577,0.74,BTH,7459
47.20948,-0.27625,3.68,MIS,39265
47.20778,-0.27493,1.31,BTH,13204
47.2118,-0.2757,0.79,BTH,7963
47.21518,-0.27684,7.09,BTH,71467
47.21252,-0.27596,3.8,BTH,38303
47.2085,-0.2754,1.6,BTH,16128
47.20397,-0.27436,3.92,MIS,41826
47.21002,-0.27422,4.1,MIS,43747
47.21547,-0.27402,3.87,SOG,38390
47.18306,-0.27077,4.11,BTH,41428
47.1853,-0.26975,2.08,BTH,20966
47.18627,-0.27006,1.83,BTH,18446
47.18092,-0.26837,6.06,BTH,61084
47.18326,-0.26826,1.2,ORP,8052
47.20084,-0.27082,0.64,MIE,6828
47.20616,-0.27194,3.76,MIS,40119
47.20848,-0.27199,1.68,BTH,16934
47.21212,-0.27276,7.04,BTH,70963
47.20886,-0.27172,0.85,BTH,8568
47.2132,-0.27225,3.53,BTH,35582
47.2021,-0.27054,0.55,BTH,5544
47.20342,-0.27046,2.91,BTH,29332
47.20589,-0.2698,2.29,BTH,23083
47.1994,-0.26928,2.27,TRN,19862
47.20758,-0.26992,1.18,BTH,11894
47.21451,-0.27077,4.28,BTH,43142
47.2159,-0.27006,5.55,ORP,37240
46.93786,-0.25132,2.58,MIE,27528
46.92458,-0.25117,19.31,BTH,194644
46.92691,-0.25161,2.72,CZH,36230
46.92794,-0.25117,0.88,TRN,7700
46.92876,-0.25123,0.86,BTH,8668
46.93382,-0.25149,0.24,MIS,2560
46.93114,-0.2521,0.06,MIS,640
46.93098,-0.25173,0.02,MIS,213
46.93262,-0.25223,0.25,MIS,2667
46.93289,-0.25112,0.25,MIS,2667
46.9326,-0.25071,0.25,MIS,2667
46.9318,-0.25092,0.19,MIS,2027
46.9309,-0.2502,2.16,TRN,18900
46.93177,-0.25054,0.13,MIS,1387
46.94602,-0.25264,1.2,ORH,8052
46.94144,-0.25194,4.39,MIS,46841
46.94775,-0.25239,2.61,BTH,26308
46.95048,-0.25255,3.28,CZH,43689
46.95344,-0.25137,15.14,CZH,201664
46.95661,-0.25267,3.14,BTH,31651
46.94274,-0.25124,1.93,BTH,19454
46.94474,-0.25133,1.18,ORP,7917
46.94904,-0.25146,1.94,CZH,25840
46.94572,-0.25064,1.7,BTH,17136
46.9564,-0.25159,1.29,TRN,11287
46.94442,-0.24957,1.8,BTH,18144
46.95362,-0.24976,1.07,BTH,10785
46.95315,-0.2476,9.22,BTH,92937
46.96066,-0.25373,4.0,TRN,35000
46.98497,-0.25249,2.54,ORH,17043
46.99452,-0.25351,4.72,TRN,41300
46.9665,-0.25058,1.84,VRC,15456
46.92448,-0.24402,1.69,BTH,17035
46.96164,-0.24996,9.39,BTH,94651
46.96764,-0.24944,0.61,VRC,5124
46.96976,-0.24828,5.38,CZH,71661
46.9826,-0.2509,7.17,ORH,48110
46.98604,-0.25029,1.16,ORH,7783
46.98168,-0.2487,3.54,TRN,30975
46.9839,-0.24924,1.63,ORH,10937
46.9867,-0.25046,1.22,ORH,8186
46.92944,-0.24536,3.0,TRN,26250
46.92559,-0.24416,4.85,BTH,48888
46.92168,-0.24402,6.67,BTH,67233
46.93891,-0.2447,0.4,ORH,2684
46.93976,-0.24495,1.21,ORH,8119
46.927,-0.2431,1.87,BTH,18849
46.9286,-0.24292,2.3,BTH,23184
46.94546,-0.2448,1.32,BTH,13305
46.92454,-0.24174,2.82,TRN,24675
46.9296,-0.24069,5.53,BTH,55742
46.93118,-0.24247,3.84,BTH,38707
46.93336,-0.24273,3.74,TRN,32725
46.93478,-0.24137,2.89,BTH,29131
46.93585,-0.2413,4.89,SOG,48508
46.9237,-0.23988,2.1,BTH,21168
46.92592,-0.23979,3.15,BTH,31752
46.9372,-0.24124,3.3,BTH,33263
46.9405,-0.24158,0.92,ORH,6173
46.95198,-0.24361,0.69,BTH,6955
46.95484,-0.2423,1.73,BTH,17438
46.9443,-0.2413,2.54,BTH,25603
46.95314,-0.24195,7.59,CZH,101098
46.95638,-0.24145,3.7,BTH,37296
46.95139,-0.24101,0.28,BTH,2822
46.9544,-0.24134,0.72,BTH,7257
46.95976,-0.2458,1.78,BTH,17942
46.96586,-0.24554,12.92,CZH,172094
46.96991,-0.24588,0.88,CZH,11721
46.9794,-0.24705,3.64,TRN,31850
46.98211,-0.2469,1.75,TRN,15312
46.95945,-0.2425,0.41,CZH,5461
46.96308,-0.24295,2.88,BTH,29030
46.97312,-0.24425,1.46,BTH,14716
46.97033,-0.24381,0.99,BTH,9979
46.97376,-0.24388,0.82,BTH,8265
46.9676,-0.24289,8.39,BTH,84571
46.9693,-0.24266,3.27,MIS,34890
46.9992,-0.25444,2.32,SOG,23014
47.01261,-0.25603,10.7,ORH,71797
47.00462,-0.2539,6.12,BTH,61689
47.00638,-0.25476,2.95,BTH,29736
47.01882,-0.25773,8.05,BDH,81144
47.02141,-0.25725,2.94,BTH,29635
47.02333,-0.25753,6.87,BTH,69249
47.02495,-0.25649,2.2,ORH,14762
47.03002,-0.25521,2.9,ORH,19459
47.00122,-0.25263,5.56,SOG,55155
47.00572,-0.25111,8.4,BTH,84672
47.00888,-0.25093,3.75,ORH,25162
47.01524,-0.2535,14.74,TTH,127943
47.03089,-0.25421,3.85,BTH,38808
47.01776,-0.25163,13.56,MIE,144685
47.04088,-0.25694,12.53,TTH,108760
47.03306,-0.25568,4.74,BTH,47779
47.04512,-0.257,1.8,SOG,17856
47.05114,-0.258,3.57,CZH,47552
47.05908,-0.2586,3.62,ORH,24290
47.0532,-0.25864,17.08,BTH,172166
47.03331,-0.25398,3.91,BTH,39412
47.0366,-0.25418,11.6,BTH,116928
47.04206,-0.25538,2.85,ORH,19123
47.03934,-0.25432,3.51,ORH,23552
47.03951,-0.25298,2.45,CZH,32634
47.05749,-0.25382,1.93,BTH,19454
47.00341,-0.24841,7.49,BTH,75499
47.01126,-0.25044,1.24,MIE,13230
47.00996,-0.24968,1.65,MIE,17605
47.00139,-0.24783,2.24,BTH,22579
47.00792,-0.24813,2.04,TTH,17707
47.01984,-0.2503,11.28,ORH,75688
47.02786,-0.25063,4.32,BTH,43545
47.03128,-0.2506,6.45,ORH,43279
47.04946,-0.25046,4.95,ORH,33214
47.02246,-0.24931,2.4,MIE,25608
47.02181,-0.24736,4.54,ORH,30463
47.02832,-0.24935,1.72,ORH,11541
47.03027,-0.24874,3.54,ORH,23753
46.9979,-0.24343,1.7,VRC,14279
46.99824,-0.2434,0.5,VRN,4199
47.03208,-0.24819,4.1,ORH,27511
47.01758,-0.24594,3.28,CZH,43689
47.01914,-0.24503,6.58,MIE,70208
47.03435,-0.25147,9.34,BTH,94147
47.03792,-0.25061,5.17,ORH,34690
47.03996,-0.25109,1.66,TTH,14408
47.0428,-0.25248,8.21,CZH,109357
47.0497,-0.25166,1.19,BTH,11995
47.03906,-0.2489,2.19,ORH,14694
47.04178,-0.25022,4.71,ORH,31604
47.04775,-0.25073,4.02,SOG,39878
47.05279,-0.25313,8.36,MIS,89201
47.06682,-0.25377,5.58,ORH,37441
47.05856,-0.25117,15.15,BTH,152712
47.03512,-0.24933,14.69,CZH,195670
47.04439,-0.24824,4.75,BTH,47880
47.04016,-0.24828,5.47,ORH,36703
47.04265,-0.24491,11.76,BTH,118540
47.05233,-0.25006,9.7,ORH,65087
47.05494,-0.24872,5.02,BTH,50601
47.06092,-0.25048,8.85,BTH,89208
47.06602,-0.24973,3.94,BTH,39715
47.06282,-0.24742,3.88,BTH,39110
46.9249,-0.2385,0.91,BTH,9172
46.92754,-0.23855,1.51,BTH,15220
46.92354,-0.23675,8.0,BTH,80640
46.92946,-0.23792,5.27,BTH,53121
46.93392,-0.23897,1.72,BTH,17337
46.9329,-0.23761,2.39,BTH,24091
46.9343,-0.23736,2.49,BTH,25099
46.93858,-0.23836,0.63,BTH,6350
46.93061,-0.23669,1.06,BTH,10684
46.93108,-0.23628,1.42,BTH,14313
46.93822,-0.23752,0.94,TRN,8224
46.94092,-0.23944,0.69,BTH,6955
46.94237,-0.23889,0.37,MLG,1184
46.95206,-0.23916,4.11,BTH,41428
46.95406,-0.23827,1.62,BTH,16329
46.95604,-0.23978,0.72,BTH,7257
46.9444,-0.23781,1.15,BTH,11591
46.94951,-0.23865,6.82,TRN,59675
46.94764,-0.23728,2.88,CZH,38361
46.94254,-0.23709,0.56,ORH,3757
46.95084,-0.23714,5.62,CZH,74858
46.92355,-0.23508,1.26,BTH,12700
46.92867,-0.23553,1.12,BTH,11289
46.92637,-0.2344,1.0,BTH,10080
46.92692,-0.23415,7.43,BTH,74894
46.9328,-0.23569,2.73,BTH,27518
46.93907,-0.23522,4.24,BTH,42739
46.93326,-0.23498,1.59,BTH,16027
46.93404,-0.23434,2.16,TRN,18900
46.93722,-0.23438,1.09,BTH,10987
46.92474,-0.23312,4.89,BTH,49291
46.9233,-0.2325,1.06,BTH,10684
46.93,-0.23361,1.21,BTH,12196
46.929,-0.23333,2.17,BTH,21873
46.93481,-0.23371,1.92,BTH,19353
46.93687,-0.23341,1.1,BTH,11088
46.93546,-0.23275,0.4,TRN,3500
46.94144,-0.23556,2.41,TRN,21087
46.94398,-0.23573,2.28,TRN,19950
46.94231,-0.23545,2.73,ORH,18318
46.94572,-0.23519,1.2,ORP,8052
46.95732,-0.23702,1.97,CZH,26240
47.03166,-0.23349,1.07,TRN,9362
46.954,-0.23596,1.85,CZH,24642
46.9583,-0.23615,2.28,CZH,30369
46.94237,-0.23296,11.61,SOG,115171
46.9563,-0.23492,9.86,BDH,99388
46.96136,-0.24017,3.54,BTH,35683
46.96254,-0.24,2.72,BDH,27417
46.96996,-0.24015,6.56,BTH,66124
46.9771,-0.23962,3.88,BTH,39110
46.95981,-0.23865,3.48,CZH,46353
46.96137,-0.23748,2.77,BTH,27921
46.96766,-0.23817,4.98,BDH,50198
46.9711,-0.23904,6.9,TRN,60375
46.97938,-0.24157,1.88,BTH,18950
46.9857,-0.2415,1.49,BTH,15019
46.98764,-0.24161,6.61,BTH,66628
46.96248,-0.23728,1.69,CZH,22510
46.969,-0.23676,1.61,CZH,21445
46.97293,-0.23723,13.01,BTH,131140
46.96244,-0.23552,1.08,BTH,10886
46.95913,-0.23565,2.81,BTH,28324
46.97518,-0.2364,4.67,BTH,47073
46.97038,-0.23465,4.95,TRN,43312
46.97778,-0.23745,5.3,ORH,35563
46.9881,-0.23658,3.1,BTH,31248
46.92423,-0.23124,1.9,BTH,19152
46.92594,-0.23078,2.76,SOG,27379
46.92928,-0.23053,1.13,TRN,9887
46.9305,-0.23084,19.11,BTH,192628
46.9374,-0.23214,3.67,BTH,36993
46.92605,-0.22941,0.44,BTH,4435
46.923,-0.22829,2.88,TRN,25200
46.93498,-0.2307,0.95,BTH,9575
46.93284,-0.22974,3.75,MIE,40012
46.93503,-0.23002,3.62,TRN,31675
46.93732,-0.22996,1.67,BTH,16833
46.94712,-0.23302,4.02,ORH,26974
46.94056,-0.23211,0.73,BTH,7358
46.94508,-0.23154,0.62,SOG,6150
46.9542,-0.23225,5.7,TRN,49875
46.94872,-0.23151,7.28,BTH,73382
46.9585,-0.23156,3.77,BTH,38001
46.92824,-0.22753,0.28,BTH,2822
46.93376,-0.22888,0.54,MIE,5761
46.9374,-0.22827,4.15,TRN,36312
46.93924,-0.22845,3.59,BTH,36187
46.93168,-0.22723,1.98,BTH,19958
46.93338,-0.22664,6.27,BTH,63201
46.9352,-0.2262,1.98,BTH,19958
46.93592,-0.2272,5.54,CZH,73792
46.94087,-0.22871,1.44,BTH,14515
46.9423,-0.22886,2.47,TRN,21612
46.94776,-0.22888,0.47,BTH,4737
46.95371,-0.22942,7.26,ORH,48714
46.95679,-0.22953,4.47,ORH,29993
46.94276,-0.2279,1.88,TRN,16449
46.9412,-0.22602,4.63,BTH,46670
46.94408,-0.22748,4.37,BTH,44049
46.95468,-0.22777,0.95,BTH,9575
46.95682,-0.22759,0.94,BTH,9475
46.9602,-0.23319,12.18,BDH,122774
46.96856,-0.23361,1.1,BTH,11088
46.97534,-0.23185,2.09,BTH,21067
46.97872,-0.23474,2.58,BTH,26006
46.97943,-0.23385,1.64,BTH,16531
46.97896,-0.23157,2.83,BTH,28526
46.96342,-0.23114,2.63,CZH,35031
46.96768,-0.22977,7.42,BTH,74793
46.97466,-0.23021,1.87,CZH,24908
46.95958,-0.22729,6.51,BTH,65620
46.99376,-0.23144,2.23,BTH,22478
46.98955,-0.23088,2.83,SOG,28073
46.99539,-0.23043,0.96,BTH,9676
46.9884,-0.22954,0.56,SOG,5555
46.99108,-0.22985,4.69,BTH,47275
46.99317,-0.22935,1.19,BTH,11995
46.99434,-0.22982,2.45,SOG,24304
47.00468,-0.24354,0.35,VRC,2939
47.00358,-0.2422,4.55,VRC,38219
47.01296,-0.24285,2.08,MIE,22193
47.00196,-0.24156,1.12,VRC,9408
47.00151,-0.24151,1.35,VRC,11340
47.00258,-0.24175,0.75,VRC,6300
47.01492,-0.24321,5.76,MIE,61459
47.02494,-0.24373,0.98,MIE,10456
47.01807,-0.24138,2.85,BTH,28728
47.02442,-0.24288,2.26,MIE,24114
47.02811,-0.24296,13.45,BTH,135576
46.99704,-0.23889,3.77,BTH,38001
46.99886,-0.2391,2.91,BTH,29332
47.00067,-0.24082,3.48,BTH,35078
47.01302,-0.24011,2.51,MIE,26781
47.00538,-0.23928,7.33,CZH,97635
47.00884,-0.23859,2.13,BTH,21470
46.99655,-0.2369,1.49,BTH,15019
47.00287,-0.23788,12.02,BTH,121161
47.01338,-0.23757,1.28,ORH,8588
47.01508,-0.24012,4.35,MIE,46414
47.01954,-0.24049,1.98,CZH,26373
47.01749,-0.23979,0.57,VRC,4787
47.0171,-0.23863,3.47,MIE,37024
47.0182,-0.23836,3.2,BTH,32256
47.02968,-0.23909,1.67,BDH,16833
47.03078,-0.23899,1.74,BTH,17539
47.03798,-0.2451,4.59,ORH,30798
47.0439,-0.2455,2.03,BTH,20462
47.05052,-0.24482,16.18,BTH,163094
47.03878,-0.24286,8.64,ORH,57974
47.03592,-0.24138,4.68,TTH,40622
47.04074,-0.24258,3.35,SOG,33232
47.04413,-0.24318,4.45,BTH,44855
47.05334,-0.24514,4.95,CZH,65934
47.0566,-0.2465,9.08,TRN,79450
47.06206,-0.24476,11.05,TRN,96687
47.04248,-0.24178,0.7,BTH,7055
47.04626,-0.24202,6.06,BTH,61084
47.04888,-0.24235,4.9,ORH,32879
47.03644,-0.24011,1.8,ORH,12078
47.04162,-0.23922,10.29,CZH,137062
47.05415,-0.24318,9.71,ORH,65154
47.0597,-0.24323,6.35,MLG,20320
47.05625,-0.24172,1.98,BTH,19958
47.06373,-0.24223,2.88,BTH,29030
47.0615,-0.24225,3.87,BTH,39009
47.0587,-0.24088,4.57,BTH,46065
47.06466,-0.24128,1.37,BTH,13809
47.06571,-0.24128,4.08,BTH,41126
47.06118,-0.24028,2.25,BTH,22680
46.99837,-0.23606,1.18,BTH,11894
47.00004,-0.23584,10.4,BTH,104832
46.99576,-0.23417,8.37,BTH,84369
46.99853,-0.23362,2.4,BTH,24192
47.03303,-0.23704,2.34,BDH,23587
47.0061,-0.23457,4.88,ORH,32744
47.006,-0.23332,2.9,ORH,19459
47.01122,-0.23397,2.7,ORH,18117
47.01971,-0.23657,6.34,CZH,84448
47.02082,-0.23575,8.75,BTH,88199
47.03212,-0.23662,2.95,BTH,29736
47.02398,-0.23469,0.74,BTH,7459
46.99579,-0.23167,3.96,BTH,39916
46.99682,-0.23158,3.37,MLG,10784
47.00278,-0.23361,10.58,BTH,106646
47.00818,-0.23346,3.94,ORH,26437
47.00804,-0.23273,4.79,ORH,32140
47.00464,-0.23134,8.73,BTH,87998
47.00023,-0.23077,4.84,MLG,15488
47.00514,-0.23128,0.26,VRC,2183
47.00625,-0.23131,1.74,BTH,17539
47.0231,-0.23453,2.09,TRN,18287
47.0205,-0.23285,4.18,BTH,42134
47.02638,-0.23339,4.06,BTH,40924
47.04944,-0.23841,2.45,BTH,24696
47.04734,-0.23619,3.87,ORP,25967
47.05732,-0.24026,4.63,BTH,46670
47.05501,-0.23836,2.25,BTH,22680
47.05608,-0.23908,1.44,BTH,14515
47.06402,-0.23967,5.13,BTH,51710
47.06069,-0.23865,4.04,TRN,35350
47.06384,-0.23841,1.01,BTH,10180
47.06817,-0.2391,0.97,TTH,8419
47.05371,-0.23778,3.22,BTH,32457
47.05564,-0.23702,0.84,BTH,8467
47.0569,-0.23695,4.39,BTH,44251
47.06555,-0.23773,2.67,TTH,23175
47.06274,-0.23761,3.12,TRN,27300
47.03658,-0.23393,3.34,MLG,10688
47.04067,-0.23481,5.24,CZH,69796
47.03945,-0.23277,1.7,TRN,14875
47.05058,-0.23473,3.65,TRN,31937
47.04533,-0.23342,6.88,MIS,73409
47.05303,-0.23398,4.97,MIS,53029
47.06245,-0.23616,2.57,MLG,8224
47.06444,-0.23545,1.31,TTH,11370
47.05526,-0.23383,9.15,BTH,92232
47.06506,-0.23491,1.27,TTH,11023
47.06262,-0.23412,6.18,BTH,62294
47.06778,-0.23392,3.19,TRN,27912
47.07628,-0.26048,2.29,BTH,23083
47.08556,-0.26119,0.68,CZH,9057
47.0804,-0.2604,0.44,BTH,4435
47.07877,-0.25885,0.59,ORP,3958
47.08134,-0.25913,3.07,BTH,30945
47.0833,-0.25922,6.02,CZH,80186
47.08682,-0.25925,2.18,ORH,14627
47.09378,-0.26226,0.58,VRC,4871
47.09532,-0.26195,0.54,VRC,4536
47.09095,-0.26113,1.68,VRC,14111
47.09294,-0.26133,0.33,VRC,2772
47.09214,-0.26091,2.63,VRC,22092
47.09525,-0.26107,0.9,MIE,9603
47.09798,-0.26186,1.0,BTH,10080
47.10193,-0.26261,6.91,TRN,60462
47.10492,-0.2617,3.34,MIS,35637
47.08748,-0.26048,0.95,CZH,12654
47.08964,-0.26033,2.44,TRN,21350
47.0956,-0.25967,2.52,BTH,25401
47.098,-0.26046,1.61,BTH,16228
47.09901,-0.2602,2.11,BTH,21268
47.09699,-0.26013,2.33,BTH,23486
47.10008,-0.26039,1.24,BTH,12499
47.10486,-0.2605,0.69,MIS,7362
47.1011,-0.26002,0.65,BTH,6552
47.10259,-0.25935,1.76,CZH,23443
47.10442,-0.26004,1.47,MIS,15684
47.1019,-0.25719,3.46,BTH,34876
47.13761,-0.26465,0.49,VRC,4116
47.07784,-0.25636,3.89,BTH,39211
47.08004,-0.25782,1.47,BTH,14817
47.07914,-0.25696,0.78,ORH,5233
47.07939,-0.25626,0.23,ORP,1543
47.07012,-0.25584,19.13,ORH,128362
47.07472,-0.2558,11.34,ORH,76091
47.08072,-0.25607,1.79,CZH,23842
47.08316,-0.25634,2.57,ORH,17244
47.08554,-0.25678,3.74,ORH,25095
47.08427,-0.2563,2.07,ORH,13889
47.08022,-0.25491,1.35,ORH,9058
47.08768,-0.25727,2.01,TRN,17587
47.09576,-0.25745,0.77,VRN,6468
47.10466,-0.2585,1.75,CZH,23310
47.09908,-0.25828,4.51,BTH,45460
47.09678,-0.25782,0.46,TRN,4025
47.10153,-0.25843,1.81,BTH,18244
47.09202,-0.25703,0.51,TRN,4462
47.09284,-0.25637,2.05,VRC,17220
47.09048,-0.25556,3.55,BTH,35784
47.09442,-0.25616,2.42,CZH,32234
47.09608,-0.25635,0.98,VRC,8232
47.09906,-0.25719,1.29,MIE,13764
47.09676,-0.25683,1.21,BTH,12196
47.10042,-0.25663,1.97,BTH,19857
47.10398,-0.25785,1.45,BTH,14615
47.09699,-0.25579,0.18,VRC,1512
47.10372,-0.25697,1.05,MIS,11203
47.10547,-0.25636,0.52,MIS,5548
47.10692,-0.26187,1.58,MIS,16858
47.11001,-0.26237,1.3,BTH,13104
47.10828,-0.262,1.05,MIS,11203
47.11204,-0.26367,15.44,MIS,164744
47.11405,-0.26334,7.2,BTH,72576
47.12101,-0.26349,18.98,BTH,191318
47.11518,-0.262,3.4,BTH,34272
47.11746,-0.26222,15.98,BTH,161078
47.10956,-0.26127,0.61,BTH,6148
47.10872,-0.26116,1.84,BTH,18547
47.11018,-0.26094,0.76,BTH,7660
47.10639,-0.26086,3.37,TRN,29487
47.13034,-0.2653,10.47,MIS,111714
47.14131,-0.26383,0.21,VRC,1763
47.12766,-0.26299,20.95,BDH,211176
47.13304,-0.26247,2.84,BTH,28627
47.13658,-0.26309,0.5,TRN,4375
47.13618,-0.26258,0.45,BTH,4536
47.13792,-0.26282,1.45,VRC,12179
47.13732,-0.26256,0.48,VRC,4032
47.14058,-0.26349,1.49,VRC,12515
47.13552,-0.26198,0.88,VRC,7391
47.13602,-0.26151,0.45,VRC,3780
47.1423,-0.26225,3.17,VRC,26628
47.13988,-0.26192,0.9,VRC,7560
47.10616,-0.25897,1.54,MIS,16431
47.10834,-0.25911,2.72,BTH,27417
47.1102,-0.25985,3.76,BTH,37900
47.11848,-0.26006,3.95,BTH,39816
47.12308,-0.25967,2.24,BTH,22579
47.10612,-0.25779,1.44,CZH,19180
47.10984,-0.25698,5.32,TRN,46550
47.10834,-0.25634,3.55,TRN,31062
47.1204,-0.25815,2.25,MIS,24007
47.11635,-0.25767,2.87,BTH,28929
47.11777,-0.25732,1.84,BTH,18547
47.12195,-0.25826,2.36,BTH,23788
47.12944,-0.26014,0.89,VRC,7475
47.13174,-0.25916,4.91,BTH,49492
47.13287,-0.25956,2.1,VRC,17640
47.134,-0.26041,3.01,VRC,25284
47.13586,-0.26023,1.26,VRC,10584
47.13941,-0.26163,1.16,VRC,9743
47.13693,-0.26064,0.85,VRC,7139
47.13544,-0.25999,0.15,VRC,1259
47.1388,-0.26029,1.52,VRC,12768
47.13035,-0.25953,1.54,VRN,12936
47.13348,-0.25898,0.82,VRC,6888
47.128,-0.25921,4.22,VRC,35448
47.1355,-0.25953,0.48,VRC,4032
47.13682,-0.25969,1.61,VRC,13524
47.13427,-0.25866,1.45,VRC,12179
47.14262,-0.25971,0.7,VRC,5879
47.13895,-0.25952,0.77,VRC,6468
47.1367,-0.25875,0.44,VRC,3696
47.13656,-0.25839,0.42,VRC,3527
47.13613,-0.25825,0.61,VRC,5124
47.14023,-0.25857,0.41,VRC,3444
47.14257,-0.2589,0.48,VRC,4032
47.1416,-0.25846,0.88,VRC,7391
47.07728,-0.25369,5.55,CZH,73926
47.07621,-0.25384,0.85,BTH,8568
47.08087,-0.25336,1.51,BTH,15220
47.08231,-0.25286,6.55,BTH,66023
47.07882,-0.25221,0.6,CZH,7992
47.08546,-0.2529,1.36,BTH,13708
47.07994,-0.25219,8.09,ORH,54283
47.09276,-0.25546,0.72,TRN,6299
47.08787,-0.25477,3.72,ORH,24961
47.08886,-0.25413,0.36,TRN,3149
47.09284,-0.25452,0.32,BTH,3225
47.0936,-0.25462,0.21,BTH,2116
47.09464,-0.25448,1.53,VRC,12851
47.09357,-0.25397,0.23,BTH,2318
47.09624,-0.25422,2.41,CZH,32101
47.10506,-0.25585,0.54,VRC,4536
47.10269,-0.25501,2.87,BTH,28929
47.1037,-0.2555,1.27,VRC,10668
47.10508,-0.2544,1.71,MIS,18245
47.08918,-0.25388,0.97,ORH,6508
47.09306,-0.25303,0.19,CZH,2530
47.09798,-0.25356,8.12,BDH,81849
47.10574,-0.25408,0.5,VRC,4199
47.1015,-0.25387,2.3,TRN,20125
47.10312,-0.25389,0.96,VRC,8064
47.10117,-0.25219,7.97,CZH,106160
47.10327,-0.2532,0.87,VRC,7307
47.10475,-0.2531,1.97,MIS,21019
47.07361,-0.25099,2.66,ORH,17848
47.06994,-0.25141,16.11,BTH,162388
47.13233,-0.25248,0.39,VRC,3276
47.08526,-0.25154,0.66,BTH,6652
47.07261,-0.24771,6.27,BTH,63201
47.08246,-0.24993,11.24,BTH,113299
47.08085,-0.24852,2.48,ORP,16640
47.08521,-0.2488,9.73,ORP,65288
47.08968,-0.25184,0.34,MIS,3627
47.08802,-0.25111,10.15,BTH,102312
47.09057,-0.25128,0.86,BTH,8668
47.0937,-0.25189,3.21,CZH,42757
47.09726,-0.25092,0.97,CZH,12920
47.09844,-0.25103,1.11,CZH,14785
47.10421,-0.2516,2.03,BTH,20462
47.09421,-0.24993,0.28,BTH,2822
47.0926,-0.24973,0.19,BTH,1915
47.09058,-0.24921,3.95,BTH,39816
47.09656,-0.2489,1.2,ORH,8052
47.0996,-0.25098,1.05,BTH,10584
47.0983,-0.25018,0.42,VRC,3527
47.09672,-0.25,0.48,VRC,4032
47.1,-0.24946,0.44,ORH,2952
47.10521,-0.25007,0.84,TRN,7350
47.10626,-0.25644,1.13,BTH,11390
47.10622,-0.25544,0.33,BTH,3326
47.11296,-0.2559,7.3,BTH,73584
47.1061,-0.25493,0.73,BTH,7358
47.10933,-0.2553,3.46,BTH,34876
47.1112,-0.25537,0.77,VRC,6468
47.11136,-0.25407,1.52,BTH,15321
47.10892,-0.25372,0.24,VRC,2016
47.10878,-0.25367,1.4,VRC,11759
47.11014,-0.25308,1.72,BTH,17337
47.11645,-0.2547,3.08,MIS,32863
47.1204,-0.25518,9.58,TRN,83825
47.11768,-0.25413,0.88,MIS,9389
47.12142,-0.25418,6.94,TRN,60725
47.12968,-0.25824,6.05,VRC,50819
47.13183,-0.25734,1.1,VRC,9240
47.13326,-0.25699,2.24,VRN,18816
47.134,-0.25775,0.35,VRC,2939
47.14034,-0.25808,0.31,VRC,2603
47.14225,-0.25834,0.48,VRC,4032
47.1402,-0.25785,0.26,VRC,2183
47.13953,-0.25736,1.94,VRC,16296
47.14138,-0.25725,1.29,VRC,10836
47.14282,-0.25694,0.52,VRC,4367
47.13161,-0.25602,0.45,VRC,3780
47.13212,-0.25582,0.93,VRC,7811
47.1311,-0.25358,11.71,VRC,98364
47.1359,-0.25701,3.17,VRC,26628
47.13743,-0.2565,0.44,VRC,3696
47.1379,-0.25592,0.26,VRC,2183
47.1409,-0.25656,0.36,VRC,3024
47.14238,-0.25671,0.71,VRC,5963
47.13856,-0.25595,3.54,VRC,29736
47.13737,-0.25497,2.29,VRC,19236
47.14071,-0.25588,1.46,VRC,12264
47.14236,-0.25578,1.01,VRC,8484
47.10845,-0.25323,1.03,VRN,8652
47.10867,-0.25216,1.96,BTH,19756
47.1081,-0.25213,0.69,VRC,5795
47.1059,-0.25158,3.43,BTH,34574
47.10796,-0.2519,1.1,BTH,11088
47.11432,-0.25342,6.83,BTH,68846
47.11164,-0.25216,6.36,BTH,64108
47.11743,-0.25333,1.16,TRN,10150
47.11018,-0.25141,0.5,MIS,5335
47.10766,-0.25064,1.34,VRC,11256
47.10642,-0.25021,1.95,VRC,16379
47.10927,-0.25087,2.08,MIS,22193
47.12326,-0.25195,1.8,BTH,18144
47.11952,-0.25157,11.25,BTH,113400
47.1225,-0.25142,0.25,TRN,2187
47.13526,-0.25407,2.65,VRC,22260
47.13858,-0.25446,0.42,VRC,3527
47.13974,-0.25436,1.09,VRC,9156
47.14112,-0.25494,0.55,VRC,4620
47.14172,-0.25459,2.0,VRC,16799
47.13624,-0.25368,1.29,VRC,10836
47.13758,-0.25325,0.73,VRC,6132
47.14023,-0.25413,0.62,VRC,5207
47.14278,-0.25406,0.81,VRN,6804
47.14068,-0.25385,0.87,VRC,7307
47.12858,-0.25251,0.68,TRN,5950
47.1325,-0.25274,0.33,VRN,2772
47.13242,-0.25198,0.62,VRC,5207
47.1339,-0.25249,2.12,VRC,17808
47.13486,-0.25247,0.16,VRC,1343
47.13738,-0.25295,0.23,VRC,1932
47.14263,-0.25339,0.4,VRC,3360
47.14102,-0.25291,0.53,VRC,4452
47.13644,-0.25166,1.09,TRN,9537
47.1347,-0.25154,2.37,VRC,19908
47.13671,-0.25152,0.85,VRC,7139
47.1374,-0.25105,1.39,VRC,11675
47.13924,-0.2521,2.7,VRC,22680
47.14046,-0.2516,2.29,VRC,19236
47.14414,-0.26464,0.79,VRC,6636
47.15164,-0.2653,1.79,BTH,18043
47.1445,-0.26447,0.75,TRN,6562
47.14482,-0.26444,1.0,VRC,8399
47.15312,-0.26482,2.89,BTH,29131
47.15734,-0.26518,2.18,BDH,21974
47.15982,-0.2656,0.39,VRC,3276
47.155,-0.26435,1.96,TRN,17150
47.14521,-0.26356,2.91,TRN,25462
47.14734,-0.26414,1.94,BTH,19555
47.14914,-0.26299,7.97,TRN,69737
47.159,-0.26447,1.32,BDH,13305
47.15356,-0.2634,8.91,BTH,89812
47.1554,-0.26274,1.2,MIS,12804
47.15912,-0.26356,1.75,BDH,17639
47.16184,-0.26606,0.36,VRC,3024
47.16272,-0.26601,0.34,TRN,2975
47.16712,-0.26636,0.83,VRC,6971
47.16872,-0.26661,0.44,BTH,4435
47.16972,-0.26648,2.78,CZH,37029
47.16134,-0.26553,0.39,VRC,3276
47.16416,-0.26543,2.67,VRC,22428
47.16872,-0.26558,1.09,CZH,14518
47.17296,-0.26709,1.06,CZH,14119
47.1762,-0.26689,0.54,ORH,3623
47.17664,-0.26662,0.52,VRN,4367
47.17892,-0.2667,4.13,BTH,41630
47.16392,-0.2645,3.28,TRN,28700
47.16204,-0.264,0.84,VRC,7055
47.16784,-0.26518,2.5,BTH,25200
47.16582,-0.26512,2.89,VRC,24276
47.16762,-0.26408,1.98,VRC,16631
47.17212,-0.26308,13.29,CZH,177022
47.17468,-0.26489,1.9,FLA,38000
47.17516,-0.26447,1.89,BTH,19051
47.17729,-0.26469,6.93,BTH,69854
47.17959,-0.26433,2.2,BTH,22176
47.14324,-0.26155,1.83,VRC,15372
47.14438,-0.26203,1.0,VRN,8399
47.14485,-0.26073,1.11,VRN,9324
47.15769,-0.26236,2.01,VRC,16883
47.15658,-0.26217,0.93,BDH,9374
47.15982,-0.26199,2.53,VRC,21252
47.14282,-0.25928,0.38,VRC,3192
47.14953,-0.26022,2.48,BTH,24998
47.15126,-0.26029,3.83,BTH,38606
47.14392,-0.25892,1.29,VRC,10836
47.14594,-0.25908,0.7,BTH,7055
47.14671,-0.2597,13.05,BTH,131544
47.15236,-0.26052,1.98,BTH,19958
47.15748,-0.26075,0.2,BDH,2016
47.15832,-0.26102,1.54,VRC,12936
47.16027,-0.26082,0.7,VRC,5879
47.15966,-0.26051,1.03,VRC,8652
47.15678,-0.25986,1.11,BDH,11188
47.15914,-0.25953,0.78,VRN,6552
47.1635,-0.26264,3.14,VRC,26376
47.16995,-0.26354,4.4,BTH,44352
47.16924,-0.26332,1.38,TRN,12075
47.1678,-0.26264,4.98,TRN,43575
47.16468,-0.26222,0.27,VRC,2268
47.1636,-0.26074,0.78,VRC,6552
47.164,-0.2609,0.45,VRC,3780
47.16178,-0.26008,3.59,VRC,30156
47.16484,-0.26075,2.95,VRC,24780
47.1658,-0.25998,1.14,TRN,9974
47.16926,-0.26006,0.95,VRC,7979
47.1724,-0.26138,1.15,BTH,11591
47.17486,-0.26112,1.59,FLA,31800
47.17362,-0.26143,0.47,BTH,4737
47.1738,-0.26116,0.17,VRC,1428
47.17591,-0.26213,2.31,FLA,46200
47.17518,-0.26086,0.28,FLA,5600
47.18313,-0.26685,4.82,BTH,48585
47.18401,-0.26641,1.97,BTH,19857
47.18506,-0.26757,0.91,BTH,9172
47.1845,-0.26692,1.02,BTH,10281
47.18182,-0.26457,1.82,BTH,18345
47.20594,-0.26856,1.82,BTH,18345
47.20004,-0.26751,0.73,BTH,7358
47.20556,-0.26773,4.11,MIS,43853
47.20706,-0.26672,1.72,MIS,18352
47.2039,-0.266,0.61,BTH,6148
47.21102,-0.26682,2.7,BTH,27216
47.1909,-0.26373,0.19,VRC,1596
47.19088,-0.26364,0.09,VRN,756
47.19955,-0.26505,2.88,BTH,29030
47.2048,-0.26551,0.6,BTH,6048
47.20676,-0.26554,0.65,ORH,4361
47.20461,-0.26515,1.09,MIS,11630
47.20672,-0.26431,1.24,ORH,8320
47.20902,-0.26539,1.09,MIS,11630
47.21105,-0.26471,5.49,BTH,55339
47.21287,-0.26464,1.02,BTH,10281
47.19952,-0.26272,2.19,BTH,22075
47.20648,-0.26385,0.37,ORH,2482
47.20518,-0.26307,2.35,BTH,23688
47.20311,-0.26171,6.26,MIS,66794
47.21109,-0.26289,1.44,BTH,14515
47.21008,-0.26282,2.17,BTH,21873
47.21333,-0.26373,3.27,TRN,28612
47.14327,-0.25805,0.62,VRC,5207
47.1448,-0.25796,0.73,VRC,6132
47.14854,-0.25823,0.7,BTH,7055
47.15143,-0.25818,2.77,CZH,36896
47.14284,-0.25742,1.0,VRC,8399
47.14434,-0.25732,0.48,VRN,4032
47.14922,-0.25773,2.33,BTH,23486
47.15816,-0.25933,0.23,VRC,1932
47.15898,-0.25908,0.63,VRC,5292
47.15755,-0.25826,0.41,VRC,3444
47.16018,-0.25872,1.33,VRC,11172
47.14421,-0.25639,1.48,VRC,12431
47.15613,-0.2573,2.87,BTH,28929
47.15312,-0.25695,2.17,CZH,28904
47.15784,-0.25701,1.16,VRC,9743
47.15845,-0.25702,0.61,VRC,5124
47.15378,-0.25628,2.16,BTH,21772
47.15707,-0.25654,0.97,VRC,8148
47.15752,-0.25672,0.35,VRC,2939
47.17943,-0.26128,13.49,BDH,135979
47.16608,-0.25642,3.65,VRC,30660
47.16679,-0.257,0.15,VRC,1259
47.17674,-0.25844,3.77,TRN,32987
47.14556,-0.25459,1.42,VRC,11927
47.14606,-0.25457,0.08,VRC,671
47.14606,-0.2544,0.15,VRC,1259
47.1433,-0.25326,3.65,VRC,30660
47.15454,-0.25575,1.69,BTH,17035
47.158,-0.25585,0.35,VRC,2939
47.1526,-0.25335,4.81,BTH,48484
47.15531,-0.2546,3.47,BTH,34977
47.15708,-0.25515,2.63,VRC,22092
47.15913,-0.25492,0.36,VRC,3024
47.14446,-0.25294,0.77,VRC,6468
47.14724,-0.25364,2.46,VRC,20664
47.14954,-0.25449,19.65,BDH,198072
47.14348,-0.25177,0.62,VRC,5207
47.15666,-0.25394,1.55,VRC,13020
47.15612,-0.2528,0.9,VRC,7560
47.15674,-0.2527,2.12,VRC,17808
47.1587,-0.25331,1.38,VRC,11591
47.1605,-0.25296,2.82,VRC,23688
47.16523,-0.25594,0.81,VRC,6804
47.16768,-0.25564,0.35,VRC,2939
47.1771,-0.25609,4.94,CZH,65800
47.17412,-0.25557,5.44,BTH,54835
47.17886,-0.25696,1.65,TRN,14437
47.1795,-0.25547,3.03,SOG,30057
47.16726,-0.25464,0.8,VRC,6720
47.16144,-0.2535,0.26,VRC,2183
47.16283,-0.2537,0.4,VRN,3360
47.16888,-0.25374,1.47,VRC,12347
47.16698,-0.25337,1.25,ORH,8387
47.16834,-0.25349,0.15,VRC,1259
47.16821,-0.25329,0.29,VRC,2435
47.1764,-0.25487,2.41,VRC,20244
47.17539,-0.25394,0.84,BTH,8467
47.182,-0.26037,4.37,BTH,44049
47.19771,-0.26138,0.83,BTH,8366
47.191,-0.25845,1.35,ORH,9058
47.19801,-0.26155,0.76,CZH,10123
47.2054,-0.26152,2.98,BTH,30038
47.20061,-0.26079,1.69,BTH,17035
47.20984,-0.26137,1.27,BTH,12801
47.2142,-0.26067,4.29,MIE,45774
47.19916,-0.26021,0.13,BTH,1310
47.20043,-0.26004,0.78,CZH,10389
47.20187,-0.25994,0.56,MIS,5975
47.20674,-0.26067,2.3,BTH,23184
47.19832,-0.25915,0.97,BTH,9777
47.20049,-0.25903,1.73,BTH,17438
47.19894,-0.25865,0.74,MIS,7895
47.20636,-0.2595,0.44,TRN,3850
47.20914,-0.26068,1.1,BTH,11088
47.21106,-0.26018,4.39,MIS,46841
47.20786,-0.25967,5.6,MIS,59751
47.18866,-0.25766,0.71,ORH,4764
47.18184,-0.25659,0.06,VRN,504
47.18108,-0.25614,1.31,BTH,13204
47.18034,-0.25568,1.05,BDH,10584
47.18947,-0.25783,0.38,VRC,3192
47.18916,-0.25756,1.03,ORH,6911
47.1903,-0.25722,0.55,VRC,4620
47.1915,-0.2565,1.12,TRN,9800
47.19652,-0.25731,0.53,ORH,3556
47.18218,-0.25575,1.13,VRC,9492
47.18828,-0.25583,1.01,ORH,6777
47.19062,-0.256,0.74,BTH,7459
47.19236,-0.25659,0.68,TRN,5950
47.19002,-0.25565,0.51,BTH,5140
47.19782,-0.25658,2.45,TRN,21437
47.19942,-0.2586,1.03,TTH,8940
47.20132,-0.25836,0.8,MIS,8536
47.19988,-0.25834,0.38,TTH,3298
47.20274,-0.25874,4.82,MIS,51429
47.20433,-0.25818,1.4,TRN,12250
47.20588,-0.25806,1.73,BTH,17438
47.20008,-0.25755,1.16,MIS,12377
47.20044,-0.25714,0.4,MIS,4268
47.20422,-0.25694,1.21,BTH,12196
47.21242,-0.25888,0.53,MIE,5655
47.21567,-0.25964,12.18,BTH,122774
47.21312,-0.2585,2.12,MIS,22620
47.20083,-0.25675,1.14,MIS,12163
47.20499,-0.25666,1.32,BTH,13305
47.19828,-0.25549,1.97,TRN,17237
47.20192,-0.25541,2.67,TRN,23362
47.19902,-0.25585,1.88,TRN,16449
47.20635,-0.25604,1.04,BTH,10483
47.20907,-0.25734,3.6,MIE,38412
47.20822,-0.25602,2.34,BTH,23587
47.21338,-0.2564,2.81,TRN,24587
47.07415,-0.24718,7.52,BTH,75801
47.07553,-0.24672,1.83,TRN,16012
47.07676,-0.24678,8.63,BTH,86990
47.08762,-0.24656,12.84,ORH,86156
47.0799,-0.2456,8.03,BTH,80942
47.08394,-0.24554,3.86,BTH,38908
47.09178,-0.24831,2.84,BTH,28627
47.14126,-0.24946,0.61,VRC,5124
47.09451,-0.24786,0.93,VRC,7811
47.09612,-0.24763,1.13,VRC,9492
47.09326,-0.24719,0.62,BTH,6249
47.09709,-0.24858,0.16,BTH,1612
47.09716,-0.24819,0.5,ORH,3355
47.10106,-0.24884,12.27,ORH,82331
47.09712,-0.2476,0.26,BTH,2620
47.09025,-0.24657,1.1,MIS,11737
47.08979,-0.24586,1.03,MIS,10990
47.09461,-0.24681,0.07,VRC,588
47.09545,-0.24638,0.19,BTH,1915
47.09396,-0.24589,2.44,BTH,24595
47.09824,-0.2466,0.72,BTH,7257
47.10468,-0.24686,1.08,TRN,9450
47.09864,-0.24685,11.9,TRN,104125
47.13384,-0.24645,0.23,VRC,1932
47.10274,-0.24615,5.93,TRN,51887
47.10565,-0.24718,3.19,BTH,32155
47.07964,-0.24349,4.98,BTH,50198
47.08442,-0.24323,2.22,ORH,14896
47.07498,-0.24041,22.63,BTH,228110
47.08688,-0.24277,1.44,BTH,14515
47.0918,-0.24505,1.1,BTH,11088
47.09056,-0.24434,0.59,MIS,6295
47.09538,-0.24532,0.52,VRC,4367
47.10036,-0.24518,0.2,TRN,1750
47.10188,-0.24565,0.12,TRN,1050
47.10163,-0.2451,0.89,BTH,8971
47.10036,-0.24438,0.32,ORH,2147
47.10284,-0.24467,0.45,VRC,3780
47.10397,-0.24534,3.16,TRN,27650
47.10462,-0.24481,0.85,TRN,7437
47.10543,-0.24486,0.64,BTH,6451
47.09182,-0.24349,3.1,CZH,41292
47.09107,-0.24299,0.76,MIS,8109
47.09424,-0.24382,3.76,BTH,37900
47.1513,-0.24348,1.11,BTH,11188
47.09418,-0.24314,1.23,BTH,12398
47.09366,-0.24312,0.44,BTH,4435
47.09694,-0.24268,1.66,VRC,13943
47.09334,-0.24242,0.41,ORH,2751
47.09436,-0.24219,0.12,ORH,805
47.09776,-0.24304,1.07,TRN,9362
47.1042,-0.24368,1.24,TRN,10850
47.09927,-0.24298,0.57,ORH,3824
47.10248,-0.24281,0.91,BTH,9172
47.10331,-0.24286,0.16,MIE,1707
47.10602,-0.24936,1.24,TRN,10850
47.11272,-0.24945,4.19,BTH,42235
47.10588,-0.24843,1.72,BDH,17337
47.10777,-0.24817,5.0,MIS,53350
47.11025,-0.24849,1.8,BTH,18144
47.11495,-0.25104,6.2,BTH,62495
47.09258,-0.23733,0.37,ORH,2482
47.12252,-0.25047,1.91,BTH,19252
47.12129,-0.24983,1.58,TRN,13825
47.11805,-0.24934,3.06,TRN,26775
47.11652,-0.24852,3.4,TRN,29750
47.12158,-0.24892,0.5,VRC,4199
47.10926,-0.24763,3.18,MIE,33930
47.11366,-0.24768,2.02,BTH,20361
47.11148,-0.24737,10.82,BTH,109065
47.12315,-0.24845,0.53,VRC,4452
47.12309,-0.2476,0.07,VRC,588
47.12105,-0.24663,3.39,VRC,28476
47.12116,-0.24728,0.06,VRC,504
47.12113,-0.2472,0.06,VRN,504
47.12265,-0.24738,0.12,VRC,1008
47.12873,-0.24937,4.22,VRC,35448
47.13193,-0.25074,1.98,VRC,16631
47.13012,-0.25003,1.13,VRC,9492
47.13106,-0.24994,0.18,VRC,1512
47.13333,-0.25022,0.63,VRC,5292
47.1383,-0.25121,0.64,VRC,5375
47.1319,-0.24621,0.33,VRC,2772
47.13784,-0.25045,0.66,VRC,5544
47.13522,-0.25008,2.01,VRC,16883
47.13762,-0.24994,0.59,VRC,4955
47.14054,-0.2503,0.91,VRC,7643
47.14139,-0.25039,0.92,VRC,7728
47.12764,-0.24924,0.4,VRC,3360
47.13114,-0.24948,0.71,VRC,5963
47.13356,-0.24936,0.64,BTH,6451
47.13106,-0.24878,0.56,VRC,4704
47.13338,-0.2487,0.47,VRC,3948
47.12864,-0.24806,1.14,VRC,9575
47.12796,-0.24799,0.4,VRC,3360
47.12926,-0.24839,0.13,VRC,1091
47.12912,-0.24831,0.15,VRC,1259
47.13072,-0.24762,1.85,VRC,15540
47.13201,-0.24826,3.1,VRC,26040
47.13765,-0.24937,0.45,VRC,3780
47.13576,-0.24833,3.09,VRC,25956
47.13854,-0.24986,0.48,VRC,4032
47.13889,-0.24959,0.61,VRC,5124
47.14276,-0.24975,1.41,VRC,11843
47.13926,-0.24915,1.45,VRC,12179
47.14034,-0.24918,0.57,VRC,4787
47.13726,-0.24841,2.15,VRC,18060
47.14294,-0.24912,0.92,VRC,7728
47.11495,-0.24601,6.81,MIS,72662
47.10668,-0.24534,4.15,MIS,44280
47.10902,-0.24481,3.57,MIE,38091
47.11814,-0.24668,4.28,BTH,43142
47.1211,-0.24688,0.22,VRC,1848
47.12228,-0.24682,0.94,VRC,7895
47.12274,-0.24727,0.47,VRC,3948
47.12192,-0.24657,0.07,VRC,588
47.12152,-0.24652,0.25,VRC,2099
47.12326,-0.24637,0.46,VRC,3864
47.11915,-0.24516,1.56,VRC,13104
47.1217,-0.24604,0.12,VRC,1008
47.12254,-0.24579,0.51,VRC,4284
47.13218,-0.24624,0.29,VRC,2435
47.11084,-0.24281,6.91,BTH,69652
47.11482,-0.24252,8.38,TRN,73325
47.11758,-0.24481,1.27,BTH,12801
47.11968,-0.24469,0.66,VRC,5544
47.11884,-0.24472,0.03,VRC,252
47.12012,-0.24469,0.55,VRC,4620
47.1217,-0.24522,1.0,VRC,8399
47.12059,-0.24469,0.62,VRC,5207
47.11663,-0.24347,0.91,TRN,7962
47.12134,-0.24401,1.23,VRC,10331
47.12052,-0.24385,0.19,VRC,1596
47.12252,-0.24386,1.07,VRC,8988
47.12542,-0.24694,2.45,VRC,20580
47.129,-0.24745,0.2,VRC,1680
47.13236,-0.24714,0.39,VRC,3276
47.12542,-0.24597,2.63,VRC,22092
47.12652,-0.2461,0.17,VRC,1428
47.12672,-0.24621,0.19,VRC,1596
47.12687,-0.24614,0.19,VRC,1596
47.13296,-0.24697,0.24,VRC,2016
47.13076,-0.24588,1.31,VRC,11004
47.13734,-0.24792,2.0,VRC,16799
47.1362,-0.24709,0.27,VRC,2268
47.13692,-0.24686,0.29,VRC,2435
47.13991,-0.24759,3.75,BTH,37800
47.12644,-0.24545,0.2,VRC,1680
47.12459,-0.24517,0.71,VRC,5963
47.13316,-0.24608,2.31,VRC,19404
47.1303,-0.24539,1.17,VRC,9828
47.13134,-0.2451,0.11,VRC,924
47.13188,-0.2455,0.06,VRC,504
47.12711,-0.24455,0.39,VRC,3276
47.1276,-0.24456,0.65,VRC,5460
47.13242,-0.24501,0.6,VRC,5039
47.13207,-0.24473,0.53,VRC,4452
47.13818,-0.2451,0.42,BTH,4233
47.08442,-0.24101,10.34,ORH,69381
47.08687,-0.24066,5.3,BTH,53423
47.08062,-0.23753,1.32,BTH,13305
47.08932,-0.24117,0.99,MIS,10563
47.0911,-0.2412,2.44,BTH,24595
47.09485,-0.24168,3.23,BTH,32558
47.09486,-0.2414,0.51,BTH,5140
47.09224,-0.24127,2.37,ORH,15902
47.09322,-0.24098,0.38,CZH,5061
47.09884,-0.24207,0.78,TTH,6770
47.10113,-0.242,4.67,ORH,31335
47.10469,-0.24263,2.79,BTH,28123
47.10047,-0.24077,1.28,BTH,12902
47.10198,-0.24102,0.34,MIE,3627
47.10319,-0.24157,2.23,MIE,23794
47.08904,-0.23981,2.33,MIS,24861
47.09334,-0.24038,0.23,ORH,1543
47.09599,-0.24033,0.3,BTH,3024
47.09701,-0.23985,2.2,CZH,29304
47.10166,-0.24068,0.26,MIE,2774
47.10008,-0.24025,0.2,VRC,1680
47.10241,-0.24069,0.12,VRC,1008
47.10245,-0.24049,0.11,VRC,924
47.1024,-0.24039,0.06,VRC,504
47.10376,-0.24041,0.32,MIE,3414
47.09838,-0.23986,4.73,BTH,47678
47.1014,-0.23975,0.42,BTH,4233
47.09212,-0.23555,0.7,VRC,5879
47.07685,-0.23697,5.51,ORH,36972
47.08262,-0.23694,1.07,BTH,10785
47.08194,-0.23655,0.5,ORH,3355
47.07082,-0.23413,2.91,BTH,29332
47.08357,-0.23476,1.51,MLG,4832
47.09198,-0.23859,1.25,MIS,13337
47.09384,-0.23828,6.33,BTH,63806
47.09642,-0.23761,10.76,BTH,108460
47.0999,-0.23868,2.78,BTH,28022
47.10074,-0.23868,0.29,MIS,3094
47.09888,-0.23749,0.09,TTH,781
47.10003,-0.23742,0.9,BTH,9072
47.10549,-0.23916,3.03,TRN,26512
47.10301,-0.23801,2.81,VRC,23604
47.08868,-0.23631,5.3,BTH,53423
47.09253,-0.2367,0.14,VRC,1176
47.09223,-0.23649,0.3,BTH,3024
47.09224,-0.23612,0.14,VRC,1176
47.09334,-0.23563,1.37,BTH,13809
47.09954,-0.23708,0.4,TTH,3472
47.09832,-0.23597,0.97,VRC,8148
47.09956,-0.23636,0.1,TTH,868
47.09976,-0.23611,0.27,VRC,2268
47.10273,-0.23643,3.29,TRN,28787
47.10565,-0.23628,1.4,MIS,14937
47.10701,-0.24273,1.62,MIE,17285
47.12295,-0.24326,0.98,VRC,8232
47.12156,-0.24283,0.46,VRC,3864
47.12098,-0.24242,0.45,VRC,3780
47.12348,-0.2431,0.06,VRC,504
47.12179,-0.24219,0.72,VRC,6048
47.1069,-0.24072,3.33,VRC,27972
47.10848,-0.24035,0.97,VRC,8148
47.11276,-0.24123,7.83,BTH,78926
47.12234,-0.24192,0.66,VRC,5544
47.12296,-0.24097,0.68,VRC,5712
47.11768,-0.24075,0.18,VRC,1512
47.12045,-0.24115,6.54,VRC,54936
47.12136,-0.24044,0.08,VRC,671
47.1282,-0.24403,0.85,VRC,7139
47.12632,-0.24348,1.24,VRC,10415
47.12886,-0.24368,1.87,VRC,15708
47.13182,-0.24387,0.55,VRC,4620
47.12976,-0.24355,0.39,VRC,3276
47.13118,-0.24313,0.2,VRC,1680
47.13028,-0.24326,0.15,VRC,1259
47.12984,-0.24293,0.63,VRC,5292
47.13126,-0.24316,0.1,VRC,840
47.13067,-0.24275,0.9,VRC,7560
47.13194,-0.24278,0.43,VRC,3612
47.13772,-0.24343,2.71,TRN,23712
47.1412,-0.24306,2.4,BTH,24192
47.13299,-0.24216,2.74,VRC,23016
47.12744,-0.24149,0.32,VRC,2687
47.12638,-0.24083,0.19,VRC,1596
47.13544,-0.24292,3.27,VRC,27468
47.13627,-0.24145,2.19,VRC,18396
47.108,-0.23968,1.0,VRC,8399
47.10966,-0.24062,5.99,BTH,60379
47.1151,-0.2396,4.67,CZH,62204
47.10794,-0.23845,0.71,VRC,5963
47.12118,-0.23994,0.15,VRC,1259
47.12438,-0.24063,2.32,VRC,19488
47.12094,-0.23954,0.15,VRC,1259
47.12238,-0.23967,0.63,VRC,5292
47.12345,-0.23969,1.07,VRC,8988
47.1233,-0.23967,0.32,VRC,2687
47.11873,-0.23892,4.84,VRC,40656
47.12069,-0.239,0.36,VRC,3024
47.12302,-0.23945,0.31,VRC,2603
47.12276,-0.23935,0.15,VRC,1259
47.12254,-0.23866,0.41,VRC,3444
47.12266,-0.23918,0.16,VRC,1343
47.11264,-0.23782,1.88,BTH,18950
47.10612,-0.23593,0.83,BTH,8366
47.11118,-0.23667,2.13,BTH,21470
47.10674,-0.23608,0.96,VRC,8064
47.10754,-0.23657,4.96,VRC,41663
47.11672,-0.23796,3.93,TRN,34387
47.12094,-0.23837,0.38,VRC,3192
47.12473,-0.23853,1.39,VRC,11675
47.12268,-0.23822,2.05,VRC,17220
47.12415,-0.23777,1.0,VRC,8399
47.12115,-0.23716,1.82,VRC,15287
47.12566,-0.24054,0.46,VRC,3864
47.12602,-0.24031,0.31,VRC,2603
47.1269,-0.24029,0.14,VRC,1176
47.13201,-0.23993,1.58,VRC,13272
47.13341,-0.23978,2.22,VRC,18648
47.13021,-0.24011,0.66,VRC,5544
47.13132,-0.23942,1.43,VRC,12011
47.13541,-0.24078,0.77,VRC,6468
47.13508,-0.23981,1.42,VRC,11927
47.1359,-0.24024,1.07,VRC,8988
47.13015,-0.2385,0.57,VRC,4787
47.12956,-0.2381,0.37,VRC,3107
47.13316,-0.23889,0.28,VRC,2352
47.13298,-0.23841,0.85,VRC,7139
47.13222,-0.23814,0.21,VRC,1763
47.13051,-0.23741,0.44,VRC,3696
47.13314,-0.23805,0.24,VRC,2016
47.13316,-0.23781,0.29,VRN,2435
47.1415,-0.23882,5.4,BTH,54432
47.14018,-0.23895,0.62,VRC,5207
47.14624,-0.25121,0.19,VRC,1596
47.1456,-0.25085,1.11,VRC,9324
47.1552,-0.25197,0.98,VRC,8232
47.15616,-0.25182,0.63,VRC,5292
47.15568,-0.25094,1.28,VRC,10751
47.15902,-0.25156,0.26,VRC,2183
47.15941,-0.25168,0.32,VRC,2687
47.16034,-0.25117,0.93,VRC,7811
47.14424,-0.2502,1.3,VRC,10920
47.14626,-0.24992,1.21,VRC,10164
47.14945,-0.25008,4.41,BTH,44452
47.1442,-0.2487,1.47,VRC,12347
47.14628,-0.24905,2.15,VRC,18060
47.15272,-0.25142,8.02,BTH,80841
47.15638,-0.25029,0.86,VRC,7223
47.15914,-0.25091,0.43,VRC,3612
47.15998,-0.25074,0.54,VRC,4536
47.15785,-0.25025,0.6,VRC,5039
47.15608,-0.24954,0.54,VRC,4536
47.16022,-0.2499,0.4,VRC,3360
47.16004,-0.25003,0.55,VRC,4620
47.15786,-0.24953,0.34,VRC,2856
47.15729,-0.24949,0.13,VRC,1091
47.15862,-0.24947,5.33,VRC,44772
47.16126,-0.24975,1.1,VRC,9240
47.16286,-0.25315,5.38,VRC,45192
47.16607,-0.25264,1.0,ORH,6710
47.16948,-0.25278,0.54,BTH,5443
47.16434,-0.25139,0.25,VRC,2099
47.16718,-0.25185,0.29,VRC,2435
47.16854,-0.25237,1.49,VRC,12515
47.17026,-0.25235,1.84,VRC,15456
47.16239,-0.25132,4.28,VRC,35952
47.16588,-0.25134,1.02,BTH,10281
47.1641,-0.25056,0.21,VRC,1763
47.1652,-0.25069,0.22,VRC,1848
47.16824,-0.25126,0.53,VRC,4452
47.16696,-0.25114,0.55,VRC,4620
47.16528,-0.25029,0.67,VRC,5628
47.16307,-0.24987,1.13,VRC,9492
47.16482,-0.24989,0.12,VRC,1008
47.16761,-0.25048,0.46,VRC,3864
47.1705,-0.2504,0.78,VRC,6552
47.17479,-0.25167,1.94,TRN,16974
47.17243,-0.2513,5.44,CZH,72460
47.1455,-0.24807,0.92,VRC,7728
47.14344,-0.24731,1.29,VRC,10836
47.14418,-0.24684,1.62,VRC,13608
47.14552,-0.2471,0.88,VRC,7391
47.15678,-0.24857,0.29,VRC,2435
47.15606,-0.24885,1.0,VRC,8399
47.16004,-0.24925,0.38,VRC,3192
47.1613,-0.24906,0.15,VRC,1259
47.16022,-0.24872,0.4,VRC,3360
47.16102,-0.24862,0.66,VRC,5544
47.15433,-0.24784,8.79,CZH,117082
47.1609,-0.24825,0.09,VRC,756
47.16104,-0.24806,0.25,VRC,2099
47.1449,-0.24686,0.23,VRC,1932
47.14353,-0.24605,4.27,CZH,56876
47.14542,-0.24523,0.95,VRC,7979
47.15028,-0.24608,0.97,BTH,9777
47.15547,-0.24734,1.1,VRC,9240
47.15628,-0.24679,0.31,VRC,2603
47.1587,-0.24727,0.56,VRC,4704
47.15768,-0.24678,0.81,VRC,6804
47.16028,-0.24714,0.84,VRC,7055
47.16128,-0.24622,0.24,VRC,2016
47.15973,-0.2463,1.97,VRC,16548
47.16306,-0.24935,0.81,VRC,6804
47.165,-0.24972,0.14,VRC,1176
47.16284,-0.24908,0.9,VRC,7560
47.16562,-0.24866,0.36,VRC,3024
47.16884,-0.25019,0.82,VRC,6888
47.16972,-0.24977,1.14,VRC,9575
47.16903,-0.24979,0.15,VRC,1259
47.16926,-0.25011,0.22,VRC,1848
47.16757,-0.24923,1.38,VRC,11591
47.17048,-0.2492,0.98,VRC,8232
47.16275,-0.24846,0.72,VRC,6048
47.16502,-0.24863,0.66,VRC,5544
47.16236,-0.24837,0.62,VRC,5207
47.16488,-0.24816,0.33,VRC,2772
47.16632,-0.24931,0.47,VRC,3948
47.16658,-0.24933,0.3,VRN,2519
47.16696,-0.2491,0.95,VRC,7979
47.16596,-0.24788,1.77,VRC,14868
47.17286,-0.24978,1.57,TRN,13737
47.17272,-0.2492,2.25,TRN,19687
47.16255,-0.24747,1.2,VRC,10079
47.16452,-0.24792,1.06,TRN,9275
47.16992,-0.24833,0.67,VRC,5628
47.16862,-0.24836,1.66,VRC,13943
47.1673,-0.24724,0.37,VRC,3107
47.16762,-0.24741,0.46,VRC,3864
47.16786,-0.24735,0.3,VRC,2519
47.16485,-0.24702,1.74,VRC,14615
47.1617,-0.2462,0.85,VRC,7139
47.16233,-0.246,0.71,VRC,5963
47.17007,-0.24665,1.03,VRC,8652
47.1733,-0.24819,2.15,SOG,21328
47.1731,-0.24778,1.5,TRN,13125
47.17576,-0.24811,0.81,TRN,7087
47.17258,-0.24758,1.3,SOG,12896
47.18481,-0.25366,0.69,VRC,5795
47.19516,-0.25443,6.07,BTH,61185
47.1897,-0.25327,0.41,VRC,3444
47.19312,-0.25362,0.55,ORH,3690
47.18914,-0.25304,0.21,VRC,1763
47.19713,-0.25382,0.89,ORP,5971
47.18935,-0.25244,0.33,VRC,2772
47.1972,-0.25257,2.07,BTH,20865
47.19285,-0.25161,4.14,BTH,41731
47.19673,-0.25174,1.0,BTH,10080
47.19806,-0.25184,1.51,MIS,16111
47.19976,-0.25549,3.73,BTH,37598
47.20285,-0.25426,1.18,BTH,11894
47.20043,-0.25421,2.15,MIS,22940
47.20612,-0.25506,3.42,MIS,36491
47.21048,-0.25553,1.7,MIE,18139
47.21444,-0.25578,2.01,BTH,20260
47.20993,-0.25403,3.24,BTH,32659
47.20164,-0.25399,2.43,MIS,25928
47.2025,-0.25277,1.46,BTH,14716
47.20467,-0.25229,3.74,TRN,32725
47.21216,-0.2533,2.42,MIE,25821
47.2143,-0.25356,8.83,TRN,77262
47.18712,-0.25017,0.2,VRC,1680
47.18868,-0.24871,0.13,VRC,1091
47.19596,-0.24959,1.37,ORH,9192
47.19749,-0.24942,4.35,ORH,29188
47.19714,-0.2486,1.23,CZH,16383
47.19579,-0.24855,0.83,MIS,8856
47.20766,-0.25248,15.69,BTH,158155
47.20002,-0.25095,7.13,MIS,76077
47.20216,-0.25005,2.35,BTH,23688
47.16968,-0.24489,0.98,VRC,8232
47.1712,-0.24671,0.49,VRC,4116
47.20452,-0.25007,1.55,VRC,13020
47.20148,-0.2488,1.21,TRN,10587
47.20385,-0.24914,0.58,VRC,4871
47.21034,-0.25145,9.16,BTH,92332
47.21668,-0.25008,2.97,MIS,31689
47.15182,-0.24521,8.07,BTH,81345
47.14976,-0.24422,2.49,BTH,25099
47.15508,-0.24562,1.35,VRC,11340
47.15586,-0.24545,0.26,VRC,2183
47.15983,-0.24554,0.59,VRC,4955
47.15879,-0.24547,0.21,VRC,1763
47.15727,-0.24515,1.42,VRC,11927
47.16042,-0.24535,0.06,VRC,504
47.1546,-0.24486,0.25,VRC,2099
47.15446,-0.24465,0.19,VRC,1596
47.15468,-0.24425,0.37,VRC,3107
47.15564,-0.24426,0.38,VRC,3192
47.15914,-0.24485,2.28,VRN,19152
47.14648,-0.24334,0.53,VRC,4452
47.15394,-0.24288,2.12,BTH,21369
47.15848,-0.24446,1.03,VRC,8652
47.15844,-0.24379,0.75,VRC,6300
47.16172,-0.24387,0.76,VRC,6384
47.16166,-0.2435,0.41,VRC,3444
47.15508,-0.2429,0.52,BTH,5241
47.15592,-0.24266,0.72,VRC,6048
47.15734,-0.24295,3.75,VRC,31500
47.15842,-0.24253,1.81,VRC,15203
47.15966,-0.24256,0.48,VRC,4032
47.16026,-0.24291,1.1,VRC,9240
47.16146,-0.24572,4.27,VRC,35867
47.16605,-0.2463,0.45,VRC,3780
47.1664,-0.2459,0.34,VRC,2856
47.16534,-0.24503,5.22,VRC,43848
47.16618,-0.24574,0.21,VRC,1763
47.16744,-0.24631,0.59,VRC,4955
47.1694,-0.24634,1.02,VRC,8568
47.1674,-0.24594,0.22,VRN,1848
47.16356,-0.24469,0.54,VRC,4536
47.16804,-0.2456,0.29,VRC,2435
47.16748,-0.24496,0.99,VRC,8315
47.17254,-0.24631,4.49,BTH,45259
47.17142,-0.24568,1.8,VRC,15120
47.17491,-0.24635,0.53,TRN,4637
47.17756,-0.24676,1.3,TRN,11375
47.17687,-0.24573,3.4,CZH,45288
47.16342,-0.24367,1.9,VRC,15959
47.16524,-0.24408,0.09,VRC,756
47.16636,-0.24459,0.27,VRN,2268
47.16724,-0.24425,0.3,VRC,2519
47.16615,-0.24426,0.39,VRC,3276
47.16294,-0.24344,0.23,VRC,1932
47.16528,-0.24362,0.52,VRC,4367
47.16539,-0.24312,0.78,VRC,6552
47.16849,-0.24427,1.96,ORH,13151
47.16646,-0.24328,0.83,VRC,6971
47.17152,-0.24483,2.69,TRN,23537
47.17536,-0.24484,0.77,VRC,6468
47.18001,-0.245,2.18,BTH,21974
47.17617,-0.24421,2.4,TRN,21000
47.17146,-0.24392,1.78,VRC,14951
47.17974,-0.24447,1.71,ORP,11474
47.1759,-0.24358,1.34,TRN,11725
47.17956,-0.24382,1.22,BTH,12297
47.14432,-0.24093,1.93,BTH,19454
47.14778,-0.2414,1.0,BTH,10080
47.1513,-0.24174,6.98,BTH,70358
47.14676,-0.24101,4.97,BTH,50097
47.1536,-0.24175,1.14,BTH,11491
47.15402,-0.24146,0.51,VRC,4284
47.15595,-0.24147,1.6,VRC,13440
47.16108,-0.24274,2.49,VRC,20916
47.15458,-0.241,0.33,VRC,2772
47.15756,-0.24122,0.86,VRC,7223
47.16025,-0.2418,0.92,VRC,7728
47.15949,-0.24155,0.5,VRC,4199
47.16026,-0.24105,0.32,VRC,2687
47.14432,-0.23966,2.65,MIS,28275
47.15006,-0.24006,1.91,MIS,20379
47.14862,-0.23833,4.36,BTH,43948
47.15227,-0.23878,0.21,BTH,2116
47.15368,-0.24021,0.74,VRC,6215
47.15431,-0.23995,0.31,VRC,2603
47.15532,-0.24039,1.25,VRC,10500
47.15761,-0.24064,2.19,VRC,18396
47.16176,-0.24078,0.88,VRC,7391
47.16027,-0.2406,0.17,VRC,1428
47.15968,-0.23964,2.67,VRC,22428
47.16146,-0.24054,0.3,VRC,2519
47.1531,-0.23948,0.69,VRC,5795
47.15638,-0.23983,0.78,VRC,6552
47.15531,-0.23925,0.31,VRC,2603
47.16084,-0.24005,0.67,VRC,5628
47.16327,-0.24243,2.1,VRC,17640
47.16278,-0.24206,0.05,VRC,420
47.16548,-0.2424,0.24,VRC,2016
47.1671,-0.24288,0.43,VRC,3612
47.1665,-0.24257,0.92,VRC,7728
47.16836,-0.24237,0.73,VRC,6132
47.16358,-0.24136,2.0,ORH,13420
47.16508,-0.24146,0.82,VRC,6888
47.16833,-0.24191,0.24,VRN,2016
47.16826,-0.24153,0.7,VRC,5879
47.17114,-0.24331,0.81,ORH,5435
47.17938,-0.2431,2.11,BTH,21268
47.1745,-0.24235,6.51,BTH,65620
47.172,-0.24209,0.24,BTH,2419
47.17355,-0.24184,1.05,VRC,8820
47.17838,-0.24268,2.19,BTH,22075
47.16526,-0.24109,0.25,ORH,1677
47.16828,-0.24088,0.39,VRC,3276
47.16392,-0.23968,2.39,VRC,20076
47.16508,-0.23957,0.48,VRC,4032
47.16826,-0.24053,0.79,VRC,6636
47.1708,-0.24052,1.15,VRC,9659
47.16982,-0.2402,0.57,ORH,3824
47.17152,-0.24171,0.41,VRC,3444
47.17295,-0.24169,0.82,VRC,6888
47.17119,-0.24117,0.58,VRN,4871
47.17123,-0.24094,0.14,VRC,1176
47.17818,-0.24174,1.69,BTH,17035
47.1713,-0.24073,0.26,VRC,2183
47.17238,-0.24071,0.18,VRC,1512
47.17404,-0.24069,0.65,VRC,5460
47.17532,-0.24109,0.6,VRC,5039
47.17489,-0.24071,0.54,VRC,4536
47.1781,-0.24044,4.49,BTH,45259
47.1954,-0.24819,1.03,MIS,10990
47.19555,-0.24758,0.85,BTH,8568
47.19616,-0.24589,4.24,BTH,42739
47.19744,-0.24631,1.48,CZH,19713
47.19814,-0.24553,0.45,ORH,3019
47.19944,-0.24712,2.92,MIS,31156
47.20109,-0.24765,1.61,BTH,16228
47.20352,-0.24798,0.88,MIS,9389
47.20306,-0.24696,11.31,BTH,114004
47.20472,-0.24798,0.73,VRC,6132
47.20556,-0.24754,6.09,ORH,40863
47.20363,-0.2474,2.73,VRC,22932
47.2103,-0.24745,13.57,BTH,136785
47.21581,-0.24804,1.0,BTH,10080
47.20296,-0.24688,0.14,MIS,1493
47.19969,-0.24529,2.51,BTH,25300
47.20085,-0.24482,2.57,MIS,27421
47.20504,-0.24558,0.51,VRC,4284
47.207,-0.24533,1.83,MIS,19526
47.21452,-0.24785,2.7,TRN,23625
47.21298,-0.24674,1.48,BTH,14918
47.19304,-0.24328,2.12,BTH,21369
47.195,-0.24382,2.97,BTH,29937
47.1874,-0.24221,8.02,ORH,53814
47.1914,-0.24263,3.89,TRN,34037
47.19608,-0.24343,1.16,BTH,11692
47.19687,-0.24334,2.37,TRN,20737
47.20595,-0.24431,2.2,TRN,19250
47.19922,-0.24404,2.9,BTH,29232
47.2077,-0.24415,0.54,ORH,3623
47.21257,-0.24537,2.9,MIS,30943
47.21636,-0.24588,1.28,MIS,13657
47.21591,-0.24511,0.66,MIS,7042
47.21002,-0.24434,3.62,TRN,31675
47.21518,-0.24447,1.14,MIS,12163
47.20544,-0.24348,0.84,ORH,5636
47.20754,-0.24357,0.58,MIS,6188
47.20512,-0.24249,0.83,MIS,8856
47.21108,-0.2437,2.64,TRN,23100
47.21292,-0.24401,1.05,BTH,10584
46.62992,-0.20219,2.25,BTH,22680
47.21068,-0.24254,4.23,BTH,42638
46.63652,-0.20622,1.24,BTH,12499
46.63936,-0.20796,6.16,BTH,62092
46.63822,-0.20639,2.73,MIE,29129
46.65888,-0.20894,4.97,BTH,50097
46.64385,-0.20435,2.7,MLG,8640
46.6284,-0.20227,3.2,MIE,34144
46.63073,-0.20248,2.37,BTH,23889
46.64154,-0.20299,1.13,MLG,3616
46.6457,-0.20354,2.0,MLG,6400
46.63866,-0.20234,2.36,MIS,25181
46.64681,-0.2043,3.01,MLG,9632
46.66904,-0.20803,2.3,BTH,23184
46.67336,-0.2081,4.13,BTH,41630
46.67636,-0.2075,7.18,BTH,72374
46.69079,-0.21075,5.05,CZH,67266
46.67242,-0.20556,8.97,BTH,90417
46.69131,-0.20777,7.74,CZH,103096
46.63018,-0.20009,2.2,TTH,19096
46.64168,-0.2016,1.48,SOG,14681
46.62868,-0.19814,1.76,TTH,15276
46.63881,-0.19818,1.6,MIS,17072
46.6287,-0.1969,1.68,TTH,14582
46.6299,-0.19674,1.85,TTH,16058
46.63112,-0.19603,1.86,MCR,18451
46.63976,-0.19732,0.97,SOG,9622
46.63618,-0.19631,2.63,BTH,26510
46.63194,-0.19466,2.16,MCR,21427
46.64563,-0.19487,1.66,TTH,14408
46.66791,-0.2004,2.0,BTH,20160
46.65533,-0.19842,5.23,MIE,55804
46.65538,-0.19615,4.5,ORP,30195
46.64685,-0.19607,3.43,TTH,29772
46.6571,-0.19695,1.56,ORP,10467
46.67338,-0.20237,4.95,BTH,49896
46.68029,-0.20392,4.41,MIE,47054
46.66499,-0.20103,5.25,TTH,45570
46.67086,-0.20142,4.25,BTH,42839
46.67234,-0.19948,3.78,ORH,25363
46.67504,-0.20156,2.65,MIE,28275
46.67447,-0.20011,4.22,MIE,45027
46.67532,-0.19926,0.95,MIE,10136
46.67948,-0.19941,4.27,TTH,37063
46.6706,-0.19773,1.98,ORH,13285
46.69804,-0.20035,0.08,FLA,1600
46.69811,-0.20006,0.05,FLA,1000
46.70128,-0.19885,2.38,TTH,20658
46.71198,-0.21036,8.53,MIE,91015
46.71884,-0.21044,3.7,TTH,32116
46.72716,-0.21319,2.56,MIE,27315
46.73294,-0.21366,6.58,ORH,44151
46.7301,-0.21008,5.97,MIE,63699
46.71657,-0.2089,2.93,TTH,25432
46.71918,-0.20825,5.68,TTH,49302
46.70569,-0.20762,9.32,MIE,99444
46.72736,-0.20934,3.03,TTH,26300
46.72448,-0.20867,12.53,BTH,126302
46.72594,-0.20772,3.55,TTH,30814
46.73575,-0.2072,1.29,BTH,13003
46.74124,-0.21386,5.0,BTH,50400
46.74512,-0.21236,5.6,ORH,37576
46.74318,-0.2121,6.25,MIS,66687
46.74732,-0.21129,7.53,MIS,80345
46.7638,-0.21394,3.62,TTH,31421
46.76426,-0.2126,3.27,TTH,28383
46.73985,-0.20936,20.37,BTH,205329
46.74552,-0.2101,1.67,CZH,22244
46.75672,-0.2102,4.5,MCR,44640
46.71918,-0.20607,3.73,MIE,39799
46.7103,-0.20295,5.4,MIE,57618
46.72863,-0.20632,5.02,BTH,50601
46.7265,-0.20398,5.34,TTH,46351
46.73526,-0.20541,2.1,BTH,21168
46.7105,-0.20113,3.12,MIE,33290
46.73657,-0.20189,9.9,SOG,98208
46.7473,-0.2069,2.53,CZH,33699
46.74089,-0.20593,12.2,MIS,130174
46.74388,-0.20665,5.25,PTC,61740
46.74272,-0.20493,4.46,ORH,29926
46.74927,-0.20508,6.91,CZH,92041
46.74556,-0.20312,17.01,BTH,171460
46.75176,-0.20266,4.71,MIS,50255
46.75298,-0.20178,4.92,MIS,52496
46.75475,-0.20259,8.75,MIS,93362
46.65208,-0.18446,1.83,BTH,18446
46.63412,-0.19461,2.59,MIE,27635
46.63312,-0.19301,3.91,TTH,33938
46.63851,-0.19356,7.56,BTH,76204
46.65364,-0.19483,2.42,MIE,25821
46.65967,-0.19593,8.27,BTH,83361
46.66081,-0.193,2.79,ORP,18720
46.63788,-0.19066,5.16,MIE,55057
46.63061,-0.18949,3.27,BTH,32961
46.63975,-0.18907,1.77,MIE,18885
46.63878,-0.18811,4.27,MIE,45560
46.6475,-0.19033,1.61,TTH,13974
46.65713,-0.18931,9.23,CZH,122943
46.667,-0.19501,4.49,BTH,45259
46.67061,-0.19334,2.52,ORH,16909
46.67738,-0.19468,3.72,MIE,39692
46.68358,-0.19194,2.06,SOG,20435
46.66742,-0.19193,10.85,MIE,115769
46.67035,-0.19182,4.06,ORH,27242
46.6764,-0.19162,4.03,BTH,40622
46.69228,-0.19203,7.89,MIE,84186
46.63504,-0.18578,4.4,BTH,44352
46.63998,-0.18577,2.13,MIE,22727
46.6474,-0.18848,3.81,TTH,33070
46.62814,-0.18348,2.36,MIE,25181
46.63428,-0.18215,2.92,TTH,25345
46.62892,-0.18101,5.03,BTH,50702
46.65278,-0.18376,0.71,BTH,7156
46.6515,-0.18379,2.32,BTH,23385
46.65851,-0.18416,7.92,MIE,84506
46.66984,-0.18913,2.46,MIE,26248
46.67125,-0.18773,4.38,BTH,44150
46.67829,-0.18873,1.17,SOG,11606
46.68334,-0.18864,2.4,MLG,7680
46.67456,-0.18724,0.46,VRG,3799
46.67057,-0.18626,5.5,MIE,58684
46.67522,-0.18678,0.06,FLA,1200
46.67672,-0.18645,1.99,MLG,6368
46.67445,-0.18606,0.06,VRG,495
46.67608,-0.18571,0.77,MLG,2464
46.6814,-0.18561,1.23,MLG,3936
46.6834,-0.18604,4.02,MIS,42893
46.6736,-0.18403,5.86,CZH,78055
46.67902,-0.1854,2.67,BTH,26913
46.69185,-0.1871,8.25,BTH,83160
46.68776,-0.1855,3.66,MLG,11712
46.72277,-0.19876,2.73,SOG,27081
46.72384,-0.1975,3.95,TTH,34286
46.72184,-0.19657,2.52,MLG,8064
46.73308,-0.1981,2.95,TTH,25606
46.71062,-0.19567,1.86,MIE,19846
46.7086,-0.19361,10.51,CZH,139993
46.71694,-0.19442,2.8,MIE,29876
46.70352,-0.19289,4.37,MIE,46627
46.70676,-0.19256,5.09,CZH,67798
46.71474,-0.19362,1.64,MIE,17498
46.72865,-0.19701,1.89,TTH,16405
46.7376,-0.19643,10.13,CZH,134931
46.72875,-0.19428,5.07,BTH,51105
46.724,-0.19394,1.63,MLG,5216
46.72706,-0.1935,0.77,MLG,2464
46.73276,-0.19466,4.72,ORH,31671
46.73554,-0.19452,7.6,MLG,24320
46.73916,-0.19976,8.56,CZH,114019
46.74898,-0.19904,13.57,MIS,144791
46.75418,-0.19923,7.03,MIS,75010
46.75742,-0.19955,9.63,BTN,247587
46.74602,-0.19821,4.01,MIS,42786
46.75181,-0.19315,2.3,MLG,7359
46.74042,-0.19521,0.18,VRC,1512
46.74548,-0.19432,8.84,MIS,94322
46.71312,-0.19124,1.94,MIE,20699
46.71924,-0.19088,4.35,MIE,46414
46.72332,-0.1898,6.72,MIE,71702
46.71324,-0.18867,5.78,MIE,61672
46.72487,-0.18846,6.63,TTH,57548
46.72333,-0.18689,1.04,TTH,9027
46.75321,-0.19205,1.15,TTH,9982
46.73734,-0.18848,1.92,ORH,12883
46.73682,-0.18756,1.34,TTH,11631
46.74038,-0.19188,4.25,TTH,36890
46.74636,-0.19176,2.97,TTH,25779
46.73949,-0.19023,3.8,ORH,25498
46.74574,-0.1901,3.45,TTH,29946
46.75506,-0.19173,3.17,TTH,27515
46.75637,-0.1907,2.9,TTH,25172
46.75366,-0.19018,3.18,TTH,27602
46.74686,-0.18926,1.3,TTH,11284
46.74324,-0.18809,4.76,ORH,31939
46.7392,-0.18741,4.0,ORH,26840
46.74834,-0.18924,3.18,TTH,27602
46.75988,-0.19003,1.01,BTH,10180
46.79187,-0.21692,4.56,TRN,39899
46.79187,-0.21603,8.08,ORH,54216
46.79496,-0.21615,2.93,ORH,19660
46.80732,-0.21763,5.09,BTH,51307
46.80776,-0.21587,1.88,BTH,18950
46.77692,-0.21059,1.21,TTH,10502
46.78886,-0.21316,5.31,BTH,53524
46.77854,-0.21067,2.85,MIE,30409
46.79172,-0.21136,8.91,TTH,77338
46.8112,-0.21348,4.54,CZH,60472
46.79349,-0.21136,0.48,TRN,4200
46.79782,-0.21111,4.34,TRN,37975
46.81793,-0.21753,6.1,BTH,61488
46.82104,-0.21835,9.1,TRN,79625
46.82726,-0.21832,4.03,BTH,40622
46.81434,-0.21594,12.47,BTH,125697
46.81922,-0.2154,4.85,ORH,32543
46.84632,-0.22083,10.7,BTH,107856
46.84046,-0.21929,0.93,MIE,9923
46.83951,-0.21869,11.42,BTH,115113
46.83334,-0.21705,7.52,ORH,50459
46.84296,-0.21868,11.82,TRN,103425
46.81624,-0.21481,1.72,TRN,15049
46.81278,-0.21397,7.07,TTH,61367
46.81451,-0.21261,2.35,BTH,23688
46.81803,-0.21249,7.02,BTH,70761
46.82868,-0.21419,8.36,ORH,56095
46.82796,-0.2135,5.57,BTH,56145
46.83232,-0.21648,2.26,MIE,24114
46.8459,-0.21703,3.69,ORH,24759
46.84389,-0.21534,2.93,BTH,29534
46.84234,-0.21506,1.73,ORH,11608
46.8367,-0.21442,4.27,ORH,28651
46.8387,-0.21447,6.4,BTH,64512
46.84072,-0.21438,1.41,MIE,15044
46.84548,-0.21542,2.48,BTH,24998
46.78266,-0.2088,1.29,TRN,11287
46.79354,-0.21036,1.49,TTH,12933
46.77922,-0.20797,3.06,TRN,26775
46.78063,-0.20711,3.3,BTH,33263
46.78476,-0.20821,4.33,TRN,37887
46.79203,-0.20873,1.52,ORH,10199
46.79907,-0.20971,0.25,TRN,2187
46.80286,-0.21045,3.62,MCR,35910
46.79506,-0.20839,1.76,BTH,17740
46.80521,-0.20946,8.12,TTH,70481
46.80848,-0.20943,4.61,BTH,46468
46.81104,-0.20864,2.84,TRN,24850
46.78589,-0.20355,2.29,BTH,23083
46.84406,-0.21051,0.85,ORH,5703
46.79306,-0.20673,3.48,ORH,23350
46.7916,-0.2048,17.98,ORH,120645
46.80266,-0.20697,4.54,BTH,45763
46.79642,-0.20435,2.03,BTH,20462
46.80345,-0.204,4.2,BTH,42336
46.81606,-0.21147,1.73,MIE,18459
46.81226,-0.21062,0.81,MCR,8035
46.81984,-0.21108,1.19,ORH,7984
46.8642,-0.22029,1.14,CZH,15184
46.81342,-0.21063,2.41,MCR,23907
46.81668,-0.20941,1.02,ORH,6844
46.82031,-0.20918,1.2,BTH,12096
46.83344,-0.21018,12.6,TRN,110250
46.8431,-0.21369,0.44,BTH,4435
46.84688,-0.2135,4.69,MIS,50042
46.83489,-0.21063,9.44,BTH,95155
46.83818,-0.21058,10.0,TRN,87500
46.83656,-0.20989,0.96,ORH,6441
46.843,-0.21196,2.7,BTH,27216
46.84406,-0.2117,0.49,MIE,5228
46.84743,-0.21154,1.96,BTH,19756
46.84608,-0.21072,4.89,MIE,52176
46.81806,-0.20854,4.56,BTH,45964
46.81432,-0.20721,3.67,MLG,11744
46.82064,-0.20729,5.65,BTH,56952
46.81366,-0.20545,0.37,MIE,3947
46.81418,-0.20547,0.4,MIE,4268
46.83256,-0.20853,0.39,MIE,4161
46.83191,-0.20813,0.62,MIE,6615
46.84706,-0.20792,2.33,BTH,23486
46.85098,-0.21831,3.37,MIE,35957
46.85322,-0.21851,4.78,MIS,51002
46.86361,-0.21863,3.28,MIS,34997
46.86572,-0.21808,8.69,TRN,76037
46.86842,-0.22204,10.73,BTH,108158
46.87126,-0.22074,0.76,BTH,7660
46.87331,-0.22098,4.83,BTH,48686
46.87726,-0.22238,2.38,TRN,20825
46.88157,-0.22231,0.57,BTH,5745
46.87794,-0.22091,3.34,ORH,22411
46.87121,-0.21992,0.79,BTH,7963
46.87567,-0.22049,1.64,MIE,17498
46.87398,-0.21998,1.36,BTH,13708
46.87541,-0.21931,3.51,ORH,23552
46.88128,-0.21992,1.03,BTH,10382
46.85226,-0.21705,2.61,MIE,27848
46.85618,-0.21653,33.89,CZH,451414
46.86162,-0.21665,0.99,MIS,10563
46.84946,-0.21495,11.9,BTH,119952
46.86468,-0.21642,2.59,BTH,26107
46.86035,-0.21016,2.23,ORP,14963
46.86708,-0.21595,1.96,BTH,19756
46.8748,-0.21767,2.01,BTH,20260
46.87638,-0.2183,1.12,BTH,11289
46.88018,-0.21919,3.35,BTH,33768
46.88484,-0.21984,4.66,BTH,46972
46.87874,-0.21758,1.85,ORH,12413
46.8685,-0.2162,3.4,MIS,36278
46.87614,-0.21644,0.63,BTH,6350
46.87705,-0.21742,1.89,TTH,16405
46.88404,-0.21757,9.31,BTH,93844
46.87804,-0.21643,4.01,TRN,35087
46.88761,-0.22279,0.91,BTH,9172
46.88871,-0.22312,2.32,BTH,23385
46.89205,-0.22303,0.81,BTH,8164
46.90278,-0.22253,0.37,MCR,3670
46.88972,-0.22074,0.49,BTH,4939
46.89238,-0.2214,1.49,BTH,15019
46.88743,-0.22084,5.34,BDH,53827
46.8952,-0.22147,11.19,BTH,112795
46.9038,-0.22182,1.03,TTH,8940
46.86988,-0.21101,0.55,ORH,3690
46.90147,-0.221,4.01,BTH,40420
46.9043,-0.22351,1.95,MCR,19344
46.90466,-0.22293,0.8,TTH,6944
46.90907,-0.22331,11.71,BTH,118036
46.91324,-0.223,3.99,BTH,40219
46.90737,-0.22156,10.3,CZH,137196
46.91169,-0.22163,2.27,MCR,22518
46.91496,-0.22261,0.5,BTH,5040
46.91709,-0.22219,0.62,SOG,6150
46.91896,-0.22314,0.4,SOG,3968
46.9205,-0.22271,3.5,BTH,35279
46.88613,-0.21883,1.56,BTH,15724
46.88704,-0.21832,1.15,BDH,11591
46.90411,-0.21988,2.64,MIE,28168
46.8867,-0.21743,3.8,BTH,38303
46.90154,-0.21867,4.44,BTH,44755
46.89998,-0.21687,0.31,MCR,3075
46.91186,-0.21991,3.99,TTH,34633
46.91948,-0.2215,1.74,BTH,17539
46.91675,-0.22016,5.77,BDH,58161
46.87917,-0.2135,1.75,BTH,17639
46.90933,-0.21978,3.69,BTH,37195
46.911,-0.21856,3.86,BTH,38908
46.9069,-0.21827,8.52,BTH,85881
46.91408,-0.21828,5.61,TRN,49087
46.86282,-0.21476,2.64,ORH,17714
46.86603,-0.21464,2.96,BTH,29836
46.85842,-0.21292,0.63,ORP,4227
46.85312,-0.20984,1.38,ORH,9259
46.8561,-0.21161,12.48,ORH,83740
46.86021,-0.21292,0.93,ORH,6240
46.8641,-0.21211,7.8,BTH,78624
46.87601,-0.21492,6.3,ORH,42273
46.87713,-0.21486,1.73,BTH,17438
46.87237,-0.21241,7.11,BTH,71668
46.86912,-0.21203,2.58,BTH,26006
46.87377,-0.21077,6.81,TRN,59587
46.87946,-0.2141,2.16,TRN,18900
46.87202,-0.21047,5.28,BTH,53222
46.87466,-0.21194,1.74,PTC,20462
46.86822,-0.21019,11.9,BTH,119952
46.88226,-0.21282,6.51,TRN,56962
46.87844,-0.21116,9.72,BTH,97977
46.87584,-0.20941,3.14,BTH,31651
46.88356,-0.21054,4.15,TRN,36312
46.88642,-0.21586,3.38,TRN,29575
46.90399,-0.21643,0.53,MIE,5655
46.89557,-0.2151,2.83,BTH,28526
46.90356,-0.21568,0.64,MIE,6828
46.88594,-0.21351,8.72,BTH,87897
46.89298,-0.21455,6.26,BTH,63100
46.8902,-0.21345,8.22,CZH,109490
46.90128,-0.2148,7.17,TRN,62737
46.90534,-0.21693,0.58,MCR,5753
46.9063,-0.21604,2.96,CZH,39427
46.9089,-0.21584,2.1,MCR,20832
46.91102,-0.21638,5.72,CZH,76190
46.91869,-0.21723,2.36,CZH,31435
46.91963,-0.21766,3.46,CZH,46087
46.91476,-0.21694,0.1,VRG,826
46.91712,-0.21575,4.02,ORH,26974
46.92091,-0.21721,3.18,ORH,21337
46.90495,-0.2146,5.79,TTH,50257
46.91355,-0.21606,0.68,TTH,5902
46.9218,-0.21567,6.13,CZH,81651
46.91335,-0.21437,2.91,CZH,38761
46.89419,-0.21229,2.12,BTH,21369
46.88685,-0.20967,16.34,CZH,217648
46.89121,-0.21032,6.61,CZH,88045
46.89312,-0.20967,3.94,BTH,39715
46.91348,-0.2121,2.25,BTH,22680
46.9187,-0.21231,2.42,ORH,16238
46.7762,-0.20218,2.19,BTH,22075
46.7933,-0.20289,1.61,TRN,14087
46.77702,-0.2006,4.78,MIE,51002
46.77931,-0.20075,3.16,MCR,31347
46.78118,-0.20091,3.26,ORH,21874
46.78372,-0.20027,4.19,MIE,44707
46.7857,-0.2014,2.87,BTH,28929
46.79184,-0.20122,3.89,ORH,26101
46.78872,-0.19984,8.46,BTH,85276
46.79512,-0.20363,3.25,TRN,28437
46.7961,-0.20314,4.24,TRN,37100
46.79856,-0.20247,14.9,BTH,150191
46.80125,-0.20187,2.06,CZH,27439
46.80334,-0.20198,3.22,MIE,34357
46.7801,-0.19926,1.79,BTH,18043
46.7786,-0.19754,4.53,BTH,45662
46.79293,-0.19792,14.66,TRN,128275
46.84201,-0.20292,10.05,BTH,101304
46.78916,-0.19765,4.0,BTH,40320
46.80183,-0.20078,4.18,BTH,42134
46.80042,-0.19981,1.21,BTH,12196
46.8077,-0.20091,3.97,BTH,40017
46.81006,-0.20219,13.76,BTH,138700
46.79962,-0.19849,3.53,BTH,35582
46.80236,-0.19822,4.38,BTH,44150
46.80908,-0.1985,4.69,BTH,47275
46.805,-0.19891,6.31,BTH,63604
46.81576,-0.20543,6.13,BTH,61790
46.81214,-0.20382,7.14,MCR,70828
46.82336,-0.20531,1.26,BTH,12700
46.82474,-0.20508,0.88,BTH,8870
46.81761,-0.20307,6.24,ORH,41870
46.81972,-0.20318,4.02,BTH,40521
46.82929,-0.20394,7.21,TRN,63087
46.8226,-0.20244,5.1,MCR,50592
46.82343,-0.20279,2.43,BTH,24494
46.8247,-0.20224,1.82,BTH,18345
46.82588,-0.20328,1.92,BTH,19353
46.83866,-0.20614,22.64,BTH,228211
46.84475,-0.20738,6.36,BTH,64108
46.84627,-0.20629,5.0,BTH,50400
46.83576,-0.20349,9.58,BTH,96566
46.83245,-0.20289,13.97,MIE,149059
46.81386,-0.19981,17.58,BTH,177206
46.82062,-0.20117,3.38,BTH,34070
46.81902,-0.20099,2.16,TRN,18900
46.81751,-0.19895,7.88,ORH,52874
46.82252,-0.19975,3.63,TRN,31762
46.84384,-0.20316,8.37,MIE,89307
46.84724,-0.20336,7.72,BTH,77817
46.84032,-0.19883,16.77,TRN,146737
46.84817,-0.20058,0.99,BTH,9979
46.77717,-0.19628,1.35,MCR,13392
46.77876,-0.19517,1.54,MCR,15276
46.7801,-0.19403,8.7,TTH,75515
46.77724,-0.19306,2.81,TTH,24390
46.79149,-0.19531,3.95,BTH,39816
46.7982,-0.19719,0.73,TRN,6387
46.80054,-0.19707,3.04,BTH,30643
46.79729,-0.19595,4.59,TRN,40162
46.80353,-0.19586,7.23,BTH,72878
46.80599,-0.19612,2.15,BTH,21672
46.79858,-0.19463,4.55,BTH,45864
46.80063,-0.19496,5.55,BTH,55943
46.6473,-0.16742,1.92,TTH,16665
46.80981,-0.19557,3.01,BTH,30340
46.78151,-0.19255,2.94,BTH,29635
46.77968,-0.19066,3.02,BTH,30441
46.79276,-0.19177,6.91,TRN,60462
46.80206,-0.19377,2.7,BTH,27216
46.79662,-0.19255,4.77,TRN,41737
46.80496,-0.19427,1.21,BTH,12196
46.81026,-0.19236,5.3,BTH,53423
46.79854,-0.19171,5.29,BTH,53323
46.79974,-0.19214,1.52,BTH,15321
46.80355,-0.19278,5.01,BTH,50500
46.80849,-0.19338,0.95,MLG,3040
46.82888,-0.20002,12.28,ORH,82398
46.82252,-0.198,0.64,TRN,5600
46.81459,-0.19611,8.35,BTH,84167
46.82073,-0.19741,6.96,BTH,70156
46.817,-0.19591,4.99,MLG,15968
46.82556,-0.19656,8.1,BTH,81648
46.82382,-0.19617,0.93,BTH,9374
46.83232,-0.1999,4.64,BTH,46771
46.83678,-0.19999,8.42,CZH,112154
46.84487,-0.19882,4.78,BTH,48182
46.83469,-0.19779,6.61,BTH,66628
46.83098,-0.19766,14.03,CZH,186879
46.8145,-0.19406,3.45,BTH,34776
46.82377,-0.19436,3.77,BTH,38001
46.82536,-0.19416,2.62,BTH,26409
46.83022,-0.19423,2.02,TRN,17675
46.81827,-0.19323,6.2,MLG,19840
46.83013,-0.19261,4.9,TRN,42875
46.82656,-0.19311,2.49,BTH,25099
46.83315,-0.19527,3.37,SOG,33430
46.84414,-0.19643,12.22,BTH,123177
46.83832,-0.19612,18.56,BTH,187084
46.84635,-0.19461,2.2,ORH,14762
46.84837,-0.19507,2.02,BTH,20361
46.85219,-0.20697,2.49,MIE,26568
46.85695,-0.20771,4.45,BTH,44855
46.86579,-0.20814,3.19,BTH,32155
46.85819,-0.20684,3.72,TRN,32550
46.86054,-0.20667,6.17,ORH,41400
46.86696,-0.20735,2.21,ORH,14829
46.84915,-0.20675,7.19,BTH,72475
46.85128,-0.20546,7.66,BTH,77212
46.85822,-0.20464,0.72,CZH,9590
46.86822,-0.20705,1.64,BTH,16531
46.86944,-0.20695,1.25,CZH,16650
46.87648,-0.20814,1.39,CZH,18514
46.87013,-0.20617,1.37,BTH,13809
46.8724,-0.20589,3.6,TRN,31500
46.92108,-0.2084,1.27,ORH,8521
46.88448,-0.20711,5.36,BTH,54028
46.85712,-0.20393,0.48,CZH,6393
46.86623,-0.20494,0.51,BTH,5140
46.86527,-0.20476,0.93,BTH,9374
46.8592,-0.20347,0.57,CZH,7592
46.85102,-0.2012,2.25,BTH,22680
46.85566,-0.2009,5.9,TRN,51625
46.85886,-0.20189,0.47,CZH,6260
46.86336,-0.20206,0.95,BTH,9575
46.87848,-0.20492,0.5,FLA,10000
46.8788,-0.20466,0.42,FLA,8400
46.87898,-0.20414,1.31,BTH,13204
46.8706,-0.20251,7.7,ORH,51667
46.8753,-0.20231,0.29,ORH,1945
46.88442,-0.20364,0.47,BTH,4737
46.87748,-0.20255,0.19,FLA,3800
46.88292,-0.20251,1.06,BTH,10684
46.88949,-0.20743,2.68,ORP,17982
46.89284,-0.20753,2.08,BTH,20966
46.89163,-0.20677,1.5,ORH,10065
46.89776,-0.20838,0.96,ORH,6441
46.89995,-0.20712,2.69,ORH,18049
46.91584,-0.20957,1.46,BTH,14716
46.91048,-0.20831,0.6,TTH,5207
46.64344,-0.16443,1.48,TTH,12846
46.88778,-0.20525,2.0,BTH,20160
46.8868,-0.20537,2.04,ORH,13688
46.88962,-0.20494,2.82,BTH,28425
46.89146,-0.20528,0.15,BTH,1512
46.8924,-0.20495,3.8,ORH,25498
46.90126,-0.20674,1.16,BTH,11692
46.89876,-0.20527,0.53,TTH,4600
46.88999,-0.20431,0.3,BTH,3024
46.86542,-0.20096,4.98,BTH,50198
46.8955,-0.20452,7.36,ORH,49385
46.92232,-0.20677,1.32,ORH,8857
46.92235,-0.20594,2.05,CZH,27306
46.85826,-0.20002,0.81,BTH,8164
46.85202,-0.19987,1.41,BTH,14212
46.86062,-0.20072,0.57,BTH,5745
46.8523,-0.19813,2.37,BTH,23889
46.85248,-0.19738,0.63,MIE,6722
46.85715,-0.19766,0.68,BTH,6854
46.8587,-0.19877,2.15,BTH,21672
46.8725,-0.20308,4.15,BTH,41832
46.87551,-0.20169,0.7,BTH,7055
46.8813,-0.20096,0.68,BTH,6854
46.87331,-0.20115,3.82,ORH,25632
46.87488,-0.19988,2.09,BTH,21067
46.87812,-0.20274,1.95,FLA,39000
46.8828,-0.202,0.9,BDH,9072
46.88454,-0.20222,1.98,ORH,13285
46.87998,-0.20178,2.36,BTH,23788
46.87781,-0.2001,0.73,PTC,8584
46.88453,-0.20079,0.78,ORH,5233
46.88226,-0.20017,1.05,CZH,13986
46.8817,-0.20003,1.55,CZH,20646
46.85932,-0.19681,7.78,BTH,78422
46.86174,-0.19713,6.51,TRN,56962
46.86738,-0.19847,6.23,BTH,62798
46.8669,-0.19427,11.45,BTH,115416
46.8697,-0.19843,16.53,BTH,166622
46.87518,-0.19765,1.57,BTH,15825
46.88453,-0.19849,2.45,BTH,24696
46.88478,-0.19683,5.19,BTH,52315
46.90215,-0.20286,1.24,BTH,12499
46.89894,-0.20239,2.38,ORH,15969
46.90096,-0.20265,1.25,ORH,8387
46.89466,-0.20023,6.18,CZH,82317
46.8987,-0.20061,2.04,ORH,13688
46.90982,-0.20343,1.25,TTH,10850
46.92143,-0.20468,6.08,BDH,61286
46.90788,-0.20222,1.87,BTH,18849
46.91663,-0.20185,1.76,MIE,18779
46.88891,-0.19919,0.51,BTH,5140
46.89202,-0.19844,2.91,CZH,38761
46.89468,-0.19759,1.05,BTH,10584
46.91025,-0.19951,1.67,TTH,14495
46.92056,-0.20081,18.73,TRN,163887
46.90561,-0.19738,3.81,BTH,38404
46.63524,-0.17995,2.69,TTH,23349
46.6361,-0.17998,3.63,MIE,38732
46.63899,-0.18032,2.63,MIE,28062
46.63468,-0.1791,2.26,MIE,24114
46.65,-0.18154,4.52,MCR,44838
46.66102,-0.18173,4.07,MIE,43426
46.62962,-0.1764,6.92,MIE,73836
46.64076,-0.17689,2.88,ORP,19324
46.63524,-0.17491,3.12,BTH,31449
46.8121,-0.18603,2.97,MLG,9504
46.65152,-0.17687,2.98,MCR,29561
46.66201,-0.17625,1.94,TTH,16839
46.67166,-0.18271,2.38,MLG,7616
46.67566,-0.18299,3.84,MLG,12288
46.6802,-0.18317,1.52,MIS,16218
46.67328,-0.18126,1.67,MCR,16566
46.67282,-0.18017,0.91,SOG,9027
46.67895,-0.18153,4.26,MLG,13632
46.68659,-0.18378,3.99,BTH,40219
46.68424,-0.18334,3.98,BTH,40118
46.68372,-0.18063,1.4,TTH,12152
46.67492,-0.17663,2.11,MLG,6752
46.69352,-0.1813,3.91,MIE,41719
46.70004,-0.18104,5.69,BTH,57355
46.63314,-0.17375,5.02,ORP,33684
46.64005,-0.17304,3.94,ORP,26437
46.63538,-0.17336,4.49,ORP,30127
46.63216,-0.17095,3.04,BTH,30643
46.64164,-0.1734,3.25,MIE,34677
46.64156,-0.17198,4.11,TTH,35674
46.63942,-0.17137,3.83,BTH,38606
46.64914,-0.1738,1.64,MCR,16268
46.65975,-0.17416,3.81,MIE,40652
46.64772,-0.17251,2.79,BTH,28123
46.63596,-0.17064,4.74,ORP,31805
46.64607,-0.17107,3.52,BTH,35481
46.63853,-0.1702,4.0,ORP,26840
46.6416,-0.17073,3.54,MIE,37771
46.63796,-0.16932,3.7,MIE,39479
46.64317,-0.16881,2.06,MIE,21980
46.65324,-0.17122,3.58,MIE,38198
46.66258,-0.1727,1.57,TTH,13627
47.01682,-0.20887,2.49,BTH,25099
46.65894,-0.17171,3.19,TRN,27912
46.66389,-0.17218,2.64,ORP,17714
46.6558,-0.16957,2.41,MIE,25714
46.6604,-0.17014,4.2,TRN,36750
46.6837,-0.17511,8.66,MLG,27712
46.69013,-0.17653,1.73,MIE,18459
46.69337,-0.17394,3.85,MIE,41079
46.69592,-0.17318,7.59,MIE,80985
46.69835,-0.17442,1.97,MIE,21019
46.70864,-0.18548,7.33,TRN,64137
46.7138,-0.18496,2.65,MIE,28275
46.71044,-0.18363,3.21,MIE,34250
46.72056,-0.18555,4.69,TTH,40709
46.70992,-0.18246,3.98,TRN,34824
46.70874,-0.17923,4.26,TTH,36976
46.71666,-0.18069,3.33,TTH,28904
46.71446,-0.17973,2.57,TTH,22307
46.72148,-0.1821,4.56,TTH,39580
46.73496,-0.1828,4.77,MLG,15264
46.72432,-0.18075,2.54,TTH,22047
46.74066,-0.18688,2.06,ORH,13822
46.74804,-0.18723,2.39,TTH,20745
46.74031,-0.18519,3.6,TTH,31248
46.81618,-0.19152,1.57,MLG,5024
46.75644,-0.18547,2.68,MLG,8576
46.76003,-0.18663,6.66,BTH,67132
46.8181,-0.19085,1.05,MLG,3360
46.76644,-0.18559,3.06,MCR,30355
46.77112,-0.18735,1.47,BTH,14817
46.74008,-0.18297,1.5,ORH,10065
46.75586,-0.18399,1.85,MLG,5920
46.74073,-0.18215,0.78,ORH,5233
46.7729,-0.18583,4.45,TTH,38626
46.75754,-0.18324,1.14,MLG,3648
46.76228,-0.18398,6.94,BTH,69955
46.76996,-0.18489,10.12,BTH,102009
46.77371,-0.18313,2.56,BTH,25804
46.71834,-0.17947,4.57,BTH,46065
46.73428,-0.18022,1.49,TTH,12933
46.72545,-0.17763,5.14,TTH,44615
46.72756,-0.17761,2.12,MIE,22620
46.70371,-0.17215,4.73,MIE,50469
46.72259,-0.1752,1.96,TTH,17012
46.74363,-0.18021,3.13,CZH,41691
46.76068,-0.18132,1.55,MIE,16538
46.7658,-0.18244,3.19,TTH,27689
46.75744,-0.18022,1.36,MLG,4352
46.7687,-0.18151,3.84,TTH,33331
46.76714,-0.18046,3.92,BTH,39513
46.77278,-0.18149,4.8,TTH,41663
46.76494,-0.17993,2.64,TTH,22915
46.75821,-0.1789,4.07,MLG,13024
46.76029,-0.17858,1.82,ORH,12212
46.63418,-0.16436,3.59,TTH,31161
46.77246,-0.18019,2.94,TTH,25519
46.76842,-0.1795,3.47,BTH,34977
46.74024,-0.1756,4.13,BTH,41630
46.64155,-0.16577,5.33,BTH,53726
46.76381,-0.17783,2.5,BTH,25200
46.76448,-0.17867,2.61,BTH,26308
46.76642,-0.17759,2.57,BTH,25905
46.76758,-0.17858,0.68,BTH,6854
46.77444,-0.1788,5.2,TTH,45136
46.76531,-0.17675,0.79,ORH,5300
47.09389,-0.23097,0.45,VRN,3780
46.63816,-0.16728,6.46,BTH,65116
46.63731,-0.16558,7.93,TTH,68832
46.65128,-0.16764,3.37,MIE,35957
46.65652,-0.16761,1.26,MIE,13444
46.64792,-0.16539,3.16,TTH,27428
46.66532,-0.16605,2.96,TTH,25692
46.63197,-0.16358,3.35,BTH,33768
46.63922,-0.16424,3.39,BTH,34171
46.64456,-0.16431,4.19,MIS,44707
46.6428,-0.1639,1.76,MIE,18779
46.63495,-0.16291,4.9,BTH,49391
46.63692,-0.16319,7.72,BTH,77817
46.63921,-0.16157,4.67,BTH,47073
46.65826,-0.16477,1.5,TTH,13020
46.66176,-0.16474,5.17,MIE,55163
46.65312,-0.1626,1.85,TTH,16058
46.65897,-0.1637,1.67,TTH,14495
46.66776,-0.16627,1.16,ORP,7783
46.68376,-0.16795,3.12,BTH,31449
46.69608,-0.16935,1.45,BTH,14615
46.69268,-0.16695,3.35,BTH,33768
46.69151,-0.16572,0.94,MIE,10029
46.64432,-0.15916,2.84,MIE,30302
46.65956,-0.16204,1.83,MIE,19526
46.65716,-0.16123,1.08,TTH,9374
46.64088,-0.15641,6.64,MIE,70848
46.65654,-0.15896,10.23,MIE,109154
46.65874,-0.1584,1.53,MIE,16325
46.65217,-0.15571,4.32,TTH,37497
46.6653,-0.15768,3.24,BTH,32659
46.64802,-0.15574,2.03,MIS,21660
46.68783,-0.16387,1.3,TTH,11284
46.69084,-0.16375,3.5,ORH,23485
46.68396,-0.15931,0.05,VRG,413
46.67218,-0.15839,1.5,TTH,13020
46.76835,-0.17391,1.06,TTH,9200
46.69332,-0.16038,2.82,MIE,30089
46.69666,-0.16094,5.01,MIE,53456
46.69737,-0.16004,2.77,MIE,29555
46.69025,-0.15887,1.02,BTH,10281
46.68672,-0.15821,2.0,ORH,13420
46.6916,-0.15798,2.94,ORH,19727
46.69798,-0.15949,3.31,BTH,33364
46.69932,-0.15834,4.51,BTH,45460
46.70602,-0.17186,7.22,TTH,62669
46.72906,-0.17244,4.45,MIE,47481
46.7325,-0.17266,0.6,MCR,5952
46.7389,-0.17367,1.11,SOG,11011
46.7373,-0.1733,4.27,SOG,42358
46.73174,-0.17233,0.61,MLG,1952
46.72381,-0.16926,4.74,MCR,47020
46.72327,-0.16709,2.09,BTH,21067
46.7405,-0.1741,1.06,MCR,10515
46.742,-0.17377,2.28,TTH,19790
46.74494,-0.17388,2.46,ORP,16506
46.74773,-0.17275,2.01,ORH,13487
46.74128,-0.17112,2.17,MLG,6944
46.76943,-0.17288,2.88,BTH,29030
46.77471,-0.17462,2.43,CZH,32367
46.74076,-0.16766,3.7,BTH,37296
46.76906,-0.17183,1.15,BTH,11591
46.77328,-0.17259,1.28,CZH,17049
46.75846,-0.16876,1.06,MIE,11310
46.76856,-0.17065,1.99,BTH,20059
46.71016,-0.16463,4.69,TTH,40709
46.70905,-0.16304,17.95,BTH,180936
46.72498,-0.16319,2.07,MCR,20534
46.73222,-0.16207,1.75,MCR,17360
46.73444,-0.16196,1.67,BTH,16833
46.74111,-0.16617,4.85,BTH,48888
46.7548,-0.16807,0.8,MIE,8536
46.7536,-0.1669,2.61,TTH,22654
46.74904,-0.16415,4.76,MLG,15232
46.77197,-0.1677,1.54,MCR,15276
46.77545,-0.16626,3.46,MCR,34323
46.74798,-0.16348,2.77,MLG,8864
46.7475,-0.16274,0.97,MCR,9622
46.75012,-0.16365,1.91,MLG,6112
46.77134,-0.1658,2.8,TTH,24304
46.77347,-0.16505,3.73,MCR,37001
46.77036,-0.16424,4.03,TTH,34980
46.75828,-0.16316,0.97,BTH,9777
46.76382,-0.1622,1.64,BTH,16531
46.77271,-0.16284,1.25,VRG,10325
46.78378,-0.18761,1.06,BTH,10684
46.78577,-0.18816,0.72,ORH,4831
46.80259,-0.19013,5.27,CZH,70196
46.8092,-0.18991,2.7,MLG,8640
46.7989,-0.18893,0.59,TRN,5162
46.79942,-0.18902,1.05,BTH,10584
46.79827,-0.18852,4.38,BTH,44150
46.80101,-0.18783,0.74,BTH,7459
46.81982,-0.19108,4.36,MCR,43251
46.80477,-0.18752,10.64,CZH,141724
46.78512,-0.18478,2.56,BTH,25804
46.79735,-0.18647,2.53,MIS,26995
46.80147,-0.18592,1.42,BTH,14313
46.79799,-0.18467,1.16,BTH,11692
46.80184,-0.18471,0.97,BTH,9777
46.82502,-0.19244,1.91,BTH,19252
46.82998,-0.19133,1.14,ORH,7649
46.82666,-0.19072,2.62,BTH,26409
46.8228,-0.18964,5.32,MCR,52774
46.82942,-0.1892,11.29,CZH,150382
46.83502,-0.1922,3.92,MIE,41826
46.84757,-0.19335,0.88,BTH,8870
46.842,-0.19232,17.84,TRN,156100
46.84479,-0.1925,9.71,MLG,31072
46.8326,-0.1913,4.77,TRN,41737
46.81579,-0.18735,3.11,FLA,62199
46.82104,-0.1864,4.64,TRN,40600
46.82248,-0.18655,2.11,BTH,21268
46.82822,-0.18742,0.23,BDH,2318
46.82874,-0.18744,0.72,BDH,7257
46.82861,-0.18688,0.78,ORP,5233
46.82372,-0.18521,5.64,MCR,55948
46.82984,-0.18607,1.5,BDH,15120
46.83756,-0.1892,16.65,TTH,144521
46.84728,-0.19025,2.09,BTH,21067
46.84505,-0.19005,6.38,BTH,64310
46.83446,-0.18777,14.25,CZH,189810
46.84265,-0.18761,3.74,TRN,32725
46.84922,-0.18884,21.55,ORH,144600
46.84056,-0.18683,4.53,BTH,45662
46.77611,-0.18062,1.66,CZH,22111
46.80268,-0.18348,0.52,BTH,5241
46.80716,-0.18427,8.26,ORH,55424
46.80471,-0.18391,5.28,BTH,53222
46.81237,-0.1842,2.41,MCR,23907
46.80946,-0.18408,2.72,ORH,18251
46.80355,-0.18254,0.99,BTH,9979
46.81004,-0.18247,3.19,ORH,21404
46.8119,-0.18162,1.4,BTH,14111
46.80562,-0.18068,5.57,BTH,56145
46.80773,-0.18003,5.32,BTH,53625
46.77659,-0.17799,1.2,BTH,12096
46.77748,-0.17724,3.99,BTH,40219
46.78892,-0.18013,9.32,ORH,62537
46.787,-0.17943,7.26,BTH,73180
46.79068,-0.17829,2.8,BTH,28224
46.79426,-0.17788,14.98,CZH,199533
46.79576,-0.18013,4.02,ORH,26974
46.80297,-0.18039,6.23,BTH,62798
46.81625,-0.18427,1.84,ORH,12346
46.83071,-0.18579,0.42,BDH,4233
46.8275,-0.1854,0.23,TRN,2012
46.82989,-0.18491,0.27,BDH,2721
46.81367,-0.18207,2.89,MCR,28668
46.82599,-0.18285,8.89,SOG,88188
46.83942,-0.18452,3.55,BTH,35784
46.84242,-0.18553,0.89,BTH,8971
46.84368,-0.18536,6.99,BTH,70459
46.84052,-0.18404,1.78,BTH,17942
46.84674,-0.18456,8.0,ORH,53680
46.82151,-0.18072,4.62,MCR,45830
46.82271,-0.18064,0.85,BTH,8568
46.82318,-0.18142,1.9,BTH,19152
46.81539,-0.1792,5.0,MLG,16000
46.82502,-0.18055,3.18,TRN,27825
46.82649,-0.1803,1.99,MIE,21233
46.8353,-0.18124,1.53,BTH,15422
46.83434,-0.1809,0.72,TRN,6299
46.82798,-0.18082,1.14,BTH,11491
46.83664,-0.18193,6.95,BTH,70056
46.84214,-0.18285,1.87,BDH,18849
46.84464,-0.18243,10.96,CZH,145987
46.84146,-0.18162,1.68,CZH,22377
46.86704,-0.18715,1.65,CZH,21978
46.8413,-0.18008,1.11,BTH,11188
46.86426,-0.19221,22.5,BTH,226800
46.85972,-0.19309,6.33,CZH,84315
46.8581,-0.19259,2.98,CZH,39693
46.85248,-0.19085,0.14,MIE,1493
46.8552,-0.19094,2.4,BTH,24192
46.85406,-0.19143,1.64,BTH,16531
46.86923,-0.19411,6.38,BTH,64310
46.94406,-0.21502,0.92,BTH,9273
46.87836,-0.19506,9.18,MIS,97950
46.8727,-0.19256,11.02,CZH,146786
46.87978,-0.19253,7.4,BTH,74592
46.85358,-0.19011,3.29,BTH,33163
46.86014,-0.19029,5.35,CZH,71262
46.85368,-0.18832,0.37,BTH,3729
46.85667,-0.18972,3.32,BTH,33465
46.8641,-0.18945,8.42,BTH,84873
46.8671,-0.1895,6.44,CZH,85780
46.87018,-0.19083,11.88,BTH,119750
46.87596,-0.18973,9.04,SOG,89676
46.87823,-0.19106,7.06,CZH,94039
46.88266,-0.19213,13.77,BTH,138801
46.8802,-0.18892,3.4,BTH,34272
46.8896,-0.19637,1.77,TRN,15487
46.89166,-0.19589,12.2,BTH,122976
46.89776,-0.19623,0.95,ORH,6374
46.9028,-0.19607,0.24,BTH,2419
46.89584,-0.19476,9.3,ORH,62403
46.90282,-0.19494,0.42,BTH,4233
46.89879,-0.19436,6.04,BTH,60883
46.91852,-0.19674,0.55,TRN,4812
46.9054,-0.19535,2.17,BTH,21873
46.90506,-0.19379,0.91,BTH,9172
46.89149,-0.19185,5.86,BTH,59068
46.90069,-0.19295,2.2,TTH,19096
46.90187,-0.19308,1.11,ORH,7448
46.90418,-0.19229,5.17,BTH,52113
46.88874,-0.19058,14.59,MIE,155675
46.89138,-0.19013,5.35,SOG,53072
46.92248,-0.19221,0.7,BTH,7055
46.91808,-0.19165,2.49,BTH,25099
46.92146,-0.19186,1.35,BTH,13608
47.09496,-0.23073,2.41,VRC,20244
46.86068,-0.18764,25.8,CZH,343656
46.85035,-0.18546,1.48,CZH,19713
46.87006,-0.18641,12.46,BTH,125596
46.8752,-0.18734,16.05,ORH,107695
46.87929,-0.18861,2.92,TRN,25550
46.88611,-0.18882,23.07,TRN,201862
46.87982,-0.18746,2.71,TRN,23712
46.88027,-0.18635,2.29,BTH,23083
46.85973,-0.18339,14.69,CZH,195670
46.86526,-0.18324,2.72,CZH,36230
46.85889,-0.18131,4.26,BTH,42940
46.87908,-0.18462,5.83,BTH,58766
46.8681,-0.18347,15.76,BTH,158860
46.89475,-0.1888,14.6,TRN,127750
46.90032,-0.1898,10.59,TRN,92662
46.89147,-0.18682,8.2,BTH,82655
47.09742,-0.23043,0.47,VRC,3948
46.90246,-0.18725,6.45,BTH,65016
46.90538,-0.18963,5.65,BTH,56952
46.90645,-0.1891,2.34,TRN,20475
46.92104,-0.19102,2.02,BTH,20361
46.92246,-0.18962,3.46,MIE,36918
46.90852,-0.1887,15.82,ORH,106152
46.91285,-0.18788,5.16,MIE,55057
46.91997,-0.18952,2.81,BTH,28324
46.92277,-0.18836,0.6,MIE,6402
46.8884,-0.18522,6.8,CZH,90576
46.89427,-0.18322,9.18,BTH,92534
46.91372,-0.18669,1.4,TRN,12250
46.90938,-0.18596,4.29,BTH,43243
46.9073,-0.18541,3.37,ORH,22612
46.91414,-0.18503,1.27,BTH,12801
46.91248,-0.18526,10.19,TRN,89162
46.91689,-0.18435,1.15,ORH,7716
47.02051,-0.22484,1.3,BTH,13104
46.78555,-0.17566,13.0,ORH,87230
46.78906,-0.17466,2.75,TTH,23870
46.79161,-0.17451,0.62,BTH,6249
46.79202,-0.17394,0.5,BTH,5040
46.79982,-0.17674,4.53,BTH,45662
46.80192,-0.17708,2.29,BTH,23083
46.79718,-0.1764,9.74,BTH,98179
46.81248,-0.17746,1.54,BTH,15523
46.79668,-0.1752,0.57,BTH,5745
46.79682,-0.17396,0.67,BTH,6753
46.80224,-0.17493,4.08,BTH,41126
46.81272,-0.17332,0.81,BTH,8164
46.80621,-0.17699,9.45,ORH,63409
46.79131,-0.17328,0.46,BTH,4636
46.79218,-0.17138,1.07,BTH,10785
46.81221,-0.17435,2.3,BTH,23184
46.80563,-0.173,2.65,MLG,8480
46.80782,-0.17407,4.91,MLG,15712
46.80126,-0.1723,7.95,BTH,80136
46.80924,-0.17267,4.07,BTH,41025
46.80498,-0.17214,1.3,MLG,4160
46.81135,-0.17234,10.91,BTH,109972
46.81973,-0.17867,2.71,BTH,27316
46.8241,-0.17881,1.45,ORH,9729
46.82504,-0.17739,2.33,BTH,23486
46.8281,-0.178,1.05,MCR,10416
46.81317,-0.17605,1.63,BTH,16430
46.8138,-0.17589,2.32,BTH,23385
46.82206,-0.1758,0.5,BTH,5040
46.82396,-0.17669,2.39,BTH,24091
46.82641,-0.17648,5.25,BTH,52920
46.82816,-0.17513,4.1,MCR,40672
46.83342,-0.17918,0.4,BTH,4032
46.83472,-0.17927,0.63,BTH,6350
46.84086,-0.17904,2.63,BTH,26510
46.83799,-0.17759,2.53,TRN,22137
46.83618,-0.17687,0.53,BTH,5342
46.84282,-0.17817,6.86,TRN,60025
46.84907,-0.17704,17.65,BTH,177911
46.81644,-0.17411,0.41,BTH,4132
46.82596,-0.17506,1.1,BTH,11088
46.81437,-0.17337,7.52,BTH,75801
46.81854,-0.17185,11.85,BTH,119448
46.82042,-0.17191,1.57,MCR,15574
46.82886,-0.17305,0.58,MCR,5753
46.8392,-0.17632,5.75,ORH,38582
46.84041,-0.17537,1.31,BTH,13204
46.83718,-0.1742,6.51,BTH,65620
46.83954,-0.17356,0.75,BTH,7560
46.84096,-0.17383,6.62,BTH,66729
46.79594,-0.17073,12.57,BTH,126705
46.79846,-0.17102,7.23,BTH,72878
46.80792,-0.1702,1.9,ORH,12748
46.80954,-0.16996,1.29,MCR,12796
46.81268,-0.16973,4.53,BTH,45662
46.8081,-0.16925,0.53,ORH,3556
46.8096,-0.16893,2.06,BTH,20764
46.8067,-0.16908,3.92,ORH,26303
46.81006,-0.16808,0.62,BTH,6249
46.77862,-0.16511,1.9,TTH,16491
46.80844,-0.16676,5.42,ORH,36368
46.81002,-0.16705,1.82,BTH,18345
46.80254,-0.16539,0.82,ORH,5502
46.85216,-0.17401,4.84,BTH,48787
46.80244,-0.16416,2.37,MLG,7584
46.80558,-0.16547,4.45,ORH,29859
46.81559,-0.17102,3.2,BTH,32256
46.81377,-0.16998,1.51,BTH,15220
46.81769,-0.17048,2.83,BTH,28526
46.8225,-0.17063,4.56,BTH,45964
46.81474,-0.16863,4.37,BTH,44049
46.82109,-0.16953,2.29,BTH,23083
46.82694,-0.16911,0.42,BTH,4233
46.83514,-0.17224,12.77,BDH,128721
46.84458,-0.17226,3.56,TRN,31150
46.83732,-0.1708,1.22,ORH,8186
46.83605,-0.16996,0.7,SOG,6944
46.8389,-0.17048,5.22,TRN,45675
46.81421,-0.16727,1.43,BTH,14414
46.81978,-0.16857,4.9,ORH,32879
46.81738,-0.16714,6.17,ORH,41400
46.81916,-0.16737,1.41,BTH,14212
46.82376,-0.16872,2.06,MCR,20435
46.82691,-0.16855,0.46,BTH,4636
46.8264,-0.16777,0.44,MIE,4694
46.82424,-0.1677,3.62,MIE,38625
46.81412,-0.16654,1.45,BTH,14615
46.81334,-0.16595,1.63,BTH,16430
46.82164,-0.16585,3.86,BTH,38908
46.82667,-0.16701,2.98,BTH,30038
46.82372,-0.16536,2.73,MIE,29129
46.82978,-0.1659,8.51,ORH,57102
46.83218,-0.16958,10.52,BTH,106041
46.83818,-0.16851,5.28,MIE,56337
46.84238,-0.16942,6.46,ORH,43346
46.84391,-0.16967,4.68,CZH,62337
46.84552,-0.1694,7.52,ORH,50459
46.84781,-0.16846,2.57,CZH,34232
46.83711,-0.16707,3.6,ORH,24156
46.84034,-0.16649,11.59,TRN,101412
46.86419,-0.18045,9.12,ORH,61195
46.85844,-0.17871,5.39,CZH,71794
46.85433,-0.17818,2.51,BTH,25300
46.86313,-0.17899,4.37,ORH,29322
46.86606,-0.17948,11.21,BDH,112996
46.86147,-0.17716,9.78,TRN,85575
46.86784,-0.17947,2.46,BTH,24796
46.87292,-0.18135,2.29,ORP,15365
46.87631,-0.18171,1.45,BTH,14615
46.87318,-0.17902,6.97,BTH,70257
46.87588,-0.17839,16.9,BTH,170351
46.88063,-0.18122,28.61,BTH,288388
46.85166,-0.17607,4.72,ORH,31671
46.85642,-0.17656,1.3,TRN,11375
46.8545,-0.17512,0.25,ORH,1677
46.86995,-0.17791,12.8,CZH,170496
46.88436,-0.17626,26.44,CZH,352180
46.89212,-0.18215,2.94,CZH,39160
46.88767,-0.18195,0.08,BTH,806
46.89558,-0.18239,14.3,TRN,125125
46.90022,-0.18341,28.9,BTH,291311
46.88832,-0.18059,6.26,BTH,63100
46.89046,-0.1784,17.66,BTH,178012
46.90764,-0.18281,6.04,BTH,60883
46.91303,-0.1829,2.76,BTH,27820
46.91027,-0.18246,1.13,TRN,9887
46.90898,-0.18201,5.57,ORP,37374
46.91084,-0.1811,5.51,BTH,55540
46.91524,-0.18135,10.17,BTH,102513
46.91659,-0.18184,0.8,BTH,8064
46.89469,-0.17883,11.0,BTH,110880
46.89274,-0.17615,12.1,ORP,81190
46.9061,-0.1799,7.73,TRN,67637
46.91138,-0.17827,9.05,BTH,91224
46.91012,-0.1785,2.43,ORP,16305
46.90526,-0.17864,13.28,ORH,89108
46.9131,-0.17785,7.24,TRN,63350
46.91648,-0.17881,0.61,BTH,6148
46.91802,-0.17789,0.4,BTH,4032
46.92024,-0.17879,1.61,BTH,16228
46.85396,-0.17336,5.24,BTH,52819
46.85544,-0.17303,0.36,ORH,2415
46.85686,-0.17297,16.61,BTH,167428
46.86085,-0.17408,29.97,ORH,201098
46.85455,-0.17122,1.26,BTH,12700
46.86546,-0.17369,10.16,CZH,135331
46.86788,-0.17486,6.14,CZH,81784
46.8681,-0.17327,2.58,CZH,34365
46.87728,-0.17414,14.99,BTH,151099
46.87362,-0.17335,4.7,CZH,62604
46.88058,-0.17183,20.16,BTH,203212
46.8533,-0.17004,1.12,ORH,7515
46.8553,-0.17029,0.66,ORH,4428
46.86228,-0.17024,9.88,CZH,131601
46.85227,-0.16886,2.66,BTH,26812
46.85779,-0.16891,2.89,BTH,29131
46.85604,-0.1678,2.7,BTH,27216
46.8583,-0.16733,0.7,CZH,9324
46.86301,-0.1685,3.83,CZH,51015
46.89432,-0.17105,6.57,BDH,66225
46.85939,-0.16699,6.21,CZH,82717
46.87602,-0.17133,3.37,BTH,33969
46.87081,-0.16988,29.09,BTH,293227
46.8789,-0.16968,1.2,BTH,12096
46.88536,-0.17007,16.32,TRN,142799
46.88681,-0.17514,2.82,BTH,28425
46.88706,-0.17418,2.11,BTH,21268
46.89882,-0.1758,15.85,TRN,138687
46.902,-0.17547,22.63,BTH,228110
46.89173,-0.17442,2.64,MLG,8448
46.8946,-0.17425,3.63,BTH,36590
46.90964,-0.17693,1.4,TRN,12250
46.91762,-0.17734,0.56,ORH,3757
46.91696,-0.17692,1.42,ORH,9528
46.91824,-0.1766,2.07,ORH,13889
46.91604,-0.17554,4.83,ORP,32409
46.91905,-0.1756,0.98,ORH,6575
46.91994,-0.17543,0.76,BTH,7660
46.91451,-0.17487,4.37,BTH,44049
46.8915,-0.17159,8.78,ORH,58913
46.89768,-0.17182,4.6,CZH,61272
46.89678,-0.1712,1.99,TRN,17412
46.9052,-0.17282,2.28,TRN,19950
46.89585,-0.16992,2.98,BTH,30038
46.8999,-0.17057,0.82,BTH,8265
46.89959,-0.17062,0.84,BTH,8467
46.90277,-0.17199,6.02,ORH,40394
46.90096,-0.17112,2.0,TTH,17360
46.90074,-0.1695,2.09,ORH,14023
46.9067,-0.17342,2.0,BTH,20160
46.91954,-0.17399,1.72,BDH,17337
46.92038,-0.17278,5.41,BTH,54532
46.92119,-0.17306,1.56,BTH,15724
46.91372,-0.17206,6.08,BTH,61286
46.91257,-0.17191,1.79,TRN,15662
46.915,-0.1723,3.84,ORH,25766
46.91804,-0.17184,4.35,BTH,43847
46.92444,-0.22484,0.49,BTH,4939
46.93069,-0.2253,2.0,TRN,17500
46.92386,-0.22437,1.07,BTH,10785
46.9259,-0.22447,3.63,BTH,36590
46.93928,-0.22538,7.26,TRN,63524
46.92967,-0.22365,12.56,BTH,126604
46.93207,-0.22273,8.53,TRN,74637
46.94543,-0.22627,2.57,MIS,27421
46.94838,-0.22615,14.03,BTH,141422
46.94274,-0.22555,0.59,BTH,5947
46.95401,-0.22567,0.4,BTH,4032
46.94088,-0.22414,1.79,BTH,18043
46.94426,-0.22405,7.93,BTH,79934
46.94188,-0.22398,3.13,BTH,31550
46.95545,-0.22514,7.49,ORH,50257
46.95173,-0.22312,5.35,BTH,53927
46.93645,-0.22171,2.77,BTH,27921
46.93754,-0.22249,1.12,BTH,11289
46.93892,-0.22175,0.49,ORH,3287
46.93929,-0.22204,0.36,BTH,3628
46.94004,-0.22206,0.62,CZH,8258
46.93394,-0.22115,0.96,MIS,10243
46.9265,-0.22028,2.3,TRN,20125
46.93043,-0.22026,1.43,BTH,14414
46.93424,-0.22019,3.11,BTH,31348
46.93592,-0.2202,1.29,MIE,13764
46.93766,-0.22079,0.28,MIE,2987
46.94782,-0.22275,7.78,BTH,78422
46.9462,-0.22177,2.74,BTH,27619
46.95108,-0.22219,1.67,BTH,16833
46.94133,-0.22115,2.51,MIS,26781
46.94348,-0.22009,4.73,BTH,47678
46.94622,-0.22004,1.59,BTH,16027
46.94815,-0.22051,3.96,MIS,42253
46.95014,-0.22155,2.45,BTH,24696
46.96462,-0.22665,6.11,TRN,53462
46.96668,-0.22661,7.03,CZH,93639
46.97334,-0.22672,3.29,BTH,33163
46.96892,-0.22589,4.87,SOJ,84738
46.97238,-0.22583,0.75,BTH,7560
46.99336,-0.22813,0.97,MLG,3104
46.99376,-0.22911,0.75,MLG,2400
46.98977,-0.22736,3.46,SOG,34323
46.99106,-0.22788,1.2,SOG,11904
46.98008,-0.22479,4.56,BTH,45964
46.98932,-0.22662,4.66,BTH,46972
46.99244,-0.22681,2.29,BTH,23083
46.99214,-0.22673,0.2,MLG,640
46.99044,-0.22588,0.28,SOG,2777
46.99316,-0.22638,0.2,MLG,640
46.96116,-0.22268,8.31,BDH,83764
46.97576,-0.22536,4.36,BTH,43948
46.96386,-0.2214,1.93,CZH,25707
46.99144,-0.22586,0.75,MLG,2400
46.9942,-0.22605,4.5,BTH,45359
46.9285,-0.21804,5.18,BTH,52214
46.9305,-0.21755,6.74,CZH,89776
46.93399,-0.21775,5.76,BTH,58060
46.9404,-0.21842,0.82,BTH,8265
46.94006,-0.21751,1.83,MIS,19526
46.93123,-0.21627,3.06,BTH,30844
46.93732,-0.21751,7.44,MIE,79384
46.93892,-0.21716,1.83,BTH,18446
46.95851,-0.22046,4.62,TRN,40425
46.95141,-0.21936,10.74,CZH,143056
46.95696,-0.21949,0.74,BTH,7459
46.94496,-0.21702,1.65,BTH,16631
46.92554,-0.2143,8.17,BTH,82353
46.9297,-0.21392,5.66,BTH,57052
46.93236,-0.21567,5.9,BTH,59472
46.94076,-0.21593,2.14,MIS,22833
46.94012,-0.21571,1.14,BTH,11491
46.93574,-0.21391,11.98,BTH,120758
46.93726,-0.21465,2.44,BTH,24595
46.92623,-0.21136,4.17,BTH,42033
46.93947,-0.21301,3.92,MIS,41826
46.94678,-0.21647,9.71,TRN,84962
46.9488,-0.21511,6.24,ORH,41870
46.95134,-0.21535,4.14,BTH,41731
46.94562,-0.21319,4.84,TRN,42350
47.02265,-0.22779,6.92,VRC,58127
47.00731,-0.22979,2.89,BTH,29131
47.00979,-0.23005,4.58,ORH,30731
47.00482,-0.22796,1.96,VRC,16464
46.99861,-0.22651,0.91,VRC,7643
47.00783,-0.22795,2.37,BTH,23889
47.01119,-0.22739,6.29,BTH,63403
46.99948,-0.22573,2.02,VRC,16968
47.0144,-0.2266,11.41,TRN,99837
46.99826,-0.22514,2.59,CZH,34498
47.00635,-0.22299,18.3,BTH,184464
47.0091,-0.22362,5.16,TRN,45150
47.02334,-0.22512,3.33,VRC,27972
47.01564,-0.22422,3.3,ORH,22143
47.04979,-0.22973,4.7,MIS,50149
47.05354,-0.23218,0.44,BTH,4435
47.06052,-0.23353,1.3,TRN,11375
47.06571,-0.23321,1.51,MIS,16111
47.06778,-0.23215,1.01,ORH,6777
47.05839,-0.23019,7.21,BTH,72676
47.06034,-0.23101,7.34,MCR,72812
47.06954,-0.23239,5.9,TRN,51625
47.06184,-0.23133,7.09,MIS,75650
47.04828,-0.22904,2.69,MIS,28702
47.04468,-0.22777,5.13,MIS,54737
47.04222,-0.22625,2.05,MIS,21873
47.04562,-0.22602,1.87,MIS,19952
47.04719,-0.22625,2.23,MIS,23794
47.06454,-0.22845,8.0,MIS,85360
47.05805,-0.22713,2.86,BTH,28828
47.06682,-0.22828,3.1,MIS,33077
47.06594,-0.22711,2.21,MIS,23580
47.00048,-0.22211,14.99,BDH,151099
46.99664,-0.22148,6.52,BTH,65721
47.00946,-0.22186,1.6,BTH,16128
47.01151,-0.22126,0.65,BTH,6552
47.00764,-0.22096,2.28,TRN,19950
47.01163,-0.21985,14.7,BDH,148176
47.02048,-0.22344,0.11,VRC,924
47.01934,-0.22232,1.38,BTH,13910
47.02588,-0.22404,0.43,BTH,4334
47.03228,-0.22377,4.33,CZH,57675
47.02274,-0.22199,0.73,ORH,4898
47.02476,-0.22102,3.31,BTH,33364
47.0043,-0.21962,0.34,VRC,2856
47.00054,-0.21803,6.94,BTH,69955
47.00824,-0.21954,2.04,BTH,20563
47.0148,-0.22106,3.39,BTH,34171
47.01322,-0.21953,3.24,BTH,32659
47.02316,-0.22011,2.6,ORH,17446
47.03222,-0.21934,0.89,BTH,8971
47.04808,-0.22545,5.73,MIS,61139
47.05098,-0.22608,2.89,ORH,19391
47.04578,-0.22354,3.01,MIS,32116
47.05128,-0.22382,1.33,MIS,14191
47.04799,-0.22265,2.51,MIS,26781
47.05136,-0.22585,0.39,ORH,2616
47.05557,-0.22548,0.8,MCR,7936
47.0525,-0.22473,0.49,MIE,5228
47.05789,-0.2255,1.65,MIS,17605
47.05611,-0.22468,1.2,MIE,12804
47.06702,-0.2271,1.54,TRN,13475
47.06772,-0.22578,2.29,MIS,24434
47.0694,-0.22613,4.46,ORH,29926
47.05764,-0.22455,1.69,MCR,16764
47.05652,-0.2244,0.46,MCR,4563
47.05328,-0.22323,3.61,MIS,38518
47.06463,-0.2241,1.06,MIS,11310
47.03726,-0.22133,6.42,BTH,64713
47.03596,-0.21955,1.52,BTH,15321
47.03922,-0.2206,3.47,CZH,46220
47.03961,-0.21939,1.3,BTH,13104
47.03987,-0.21884,0.54,BTH,5443
47.04042,-0.21841,0.57,CZH,7592
47.0493,-0.22097,3.03,BTH,30542
47.04452,-0.21939,2.8,BTH,28224
47.04972,-0.21923,2.96,BTH,29836
47.05494,-0.22185,1.66,MIS,17712
47.05816,-0.22228,1.29,MIE,13764
47.06056,-0.22296,3.0,ORH,20130
47.09892,-0.23207,1.3,VRC,10920
47.06554,-0.22398,3.67,BTH,36993
47.06691,-0.22278,1.93,BTH,19454
47.06861,-0.22303,2.01,TRN,17587
47.0616,-0.22178,2.83,ORH,18989
47.05214,-0.21961,1.31,BTH,13204
47.05129,-0.22021,3.97,BTH,40017
47.06266,-0.22017,4.57,MIS,48761
47.06404,-0.22094,2.36,BTH,23788
46.92466,-0.21025,1.78,ORH,11943
46.93114,-0.21068,8.54,BTH,86083
46.92866,-0.21,1.17,BTH,11793
46.92814,-0.20889,5.38,CZH,71661
46.93268,-0.20986,6.3,TRN,55125
46.9352,-0.21007,8.09,CZH,107758
46.94476,-0.21244,3.93,BTH,39614
46.9442,-0.21105,2.27,CZH,30236
46.95194,-0.21341,11.96,BTH,120556
46.94124,-0.21067,0.8,BTH,8064
46.94794,-0.21178,0.86,ORH,5770
46.94231,-0.2102,0.4,BTH,4032
46.95538,-0.20495,3.04,BTH,30643
46.94852,-0.21038,9.44,ORH,63342
46.95422,-0.21017,2.59,CZH,34498
46.92648,-0.20816,8.75,BTH,88199
46.9386,-0.20956,14.4,TRN,126000
46.93659,-0.2085,9.59,BTH,96667
46.9377,-0.20756,1.29,TTH,11197
46.9286,-0.2052,4.81,BTH,48484
46.93372,-0.20607,5.0,BDH,50400
46.93768,-0.20605,0.39,TTH,3385
46.93786,-0.20573,0.21,TTH,1822
46.95302,-0.2096,2.18,TRN,19075
46.9424,-0.20567,8.3,TRN,72625
46.94531,-0.20612,6.81,TRN,59587
46.95421,-0.20443,2.89,CZH,38494
46.95147,-0.20768,15.85,TRN,138687
46.96192,-0.20839,1.43,BTH,14414
46.96748,-0.2085,2.42,BTH,24393
46.92354,-0.20379,4.9,ORH,32879
46.93162,-0.20472,13.15,ORH,88236
46.92768,-0.20287,9.01,BTH,90820
46.92417,-0.20171,4.14,BTH,41731
46.9338,-0.20377,2.52,TRN,22050
46.93816,-0.20463,17.98,BTH,181238
46.94412,-0.20519,0.9,BTH,9072
46.94906,-0.20424,3.81,BTH,38404
46.95712,-0.20505,1.81,CZH,24109
46.95445,-0.20402,5.25,TRN,45937
46.95693,-0.20387,1.62,BTH,16329
46.95916,-0.2039,2.08,BTH,20966
46.92312,-0.19971,3.25,MIE,34677
46.92952,-0.2008,2.45,BTH,24696
46.93382,-0.20188,1.32,BDH,13305
46.93204,-0.20116,1.85,BTH,18648
46.92848,-0.20003,0.77,BTH,7761
46.92589,-0.19887,1.24,BTH,12499
46.93543,-0.19955,5.66,ORP,37978
46.96042,-0.205,1.34,BTH,13507
46.93274,-0.19854,5.77,BTH,58161
46.94588,-0.20224,13.2,CZH,175823
46.95667,-0.20301,1.57,BTH,15825
46.95612,-0.20172,3.25,BTH,32760
46.94708,-0.20051,2.18,TTH,18922
46.94922,-0.20129,5.15,BTH,51912
46.952,-0.20167,3.69,BTH,37195
46.95957,-0.201,2.12,BTH,21369
46.9533,-0.20037,2.28,BTH,22982
46.95506,-0.20055,2.66,BTH,26812
46.96708,-0.20739,1.26,CZH,16783
46.96594,-0.2066,2.71,BTH,27316
47.09855,-0.23151,0.81,CZH,10789
46.99198,-0.20681,1.72,BTH,17337
46.99111,-0.20624,2.6,ORH,17446
46.96128,-0.20282,1.32,CZH,17582
46.9623,-0.20307,1.77,ORH,11876
46.96036,-0.20234,4.69,BTH,47275
46.973,-0.2028,1.11,VRC,9324
46.97372,-0.20289,0.41,VRN,3444
46.97157,-0.20122,1.54,VRC,12936
46.98969,-0.20388,1.89,ORH,12681
47.1315,-0.23429,0.76,VRC,6384
47.00956,-0.21654,0.77,BTH,7761
47.01192,-0.2165,0.55,BTH,5544
47.01494,-0.2168,4.82,TRN,42175
46.99826,-0.21412,7.83,ORH,52539
47.00794,-0.21472,1.0,BTH,10080
47.01282,-0.214,0.34,BTH,3427
47.13326,-0.23465,0.11,VRC,924
47.02194,-0.21602,5.65,BTH,56952
47.02338,-0.21715,4.89,BTH,49291
47.01623,-0.21541,5.88,VRC,49391
47.01805,-0.21513,1.12,VRC,9408
47.00106,-0.21242,3.2,ORH,21472
47.01342,-0.2134,1.56,TRN,13650
47.00544,-0.21165,2.35,ORH,15768
47.0119,-0.21128,3.32,BTH,33465
47.01464,-0.21324,4.15,BTH,41832
47.02023,-0.21365,2.26,VRC,18984
47.03646,-0.21787,2.53,BTH,25502
47.03783,-0.21751,3.0,CZH,39960
47.04101,-0.21863,2.18,BTH,21974
47.03861,-0.21649,3.39,BTH,34171
47.04316,-0.21807,3.64,BTH,36691
47.04195,-0.21541,3.33,BTH,33566
47.0441,-0.21686,2.81,BTH,28324
47.05362,-0.21843,3.95,TRN,34562
47.05562,-0.21828,4.14,BTH,41731
47.06174,-0.21916,0.88,BTH,8870
47.05881,-0.21663,7.14,BTH,71971
47.04265,-0.214,1.09,BTH,10987
47.05069,-0.21544,0.78,ORH,5233
47.03762,-0.21327,2.77,BTH,27921
47.03392,-0.21136,6.04,TRN,52850
47.03974,-0.21168,1.36,VRC,11424
47.0485,-0.21537,14.82,TRN,129675
47.04281,-0.21278,1.55,TTH,13454
47.05018,-0.2122,2.54,ORH,17043
47.06126,-0.21612,6.33,MIS,67541
47.06866,-0.21636,1.9,MIS,20273
47.06259,-0.21498,5.98,MIS,63806
47.06566,-0.21524,3.87,MIS,41292
47.06672,-0.21639,3.25,BTH,32760
47.05706,-0.21455,3.07,TRN,26862
47.06746,-0.21553,2.6,MIS,27742
47.0686,-0.21466,7.97,BDH,80337
47.00033,-0.20976,2.26,ORH,15164
47.01422,-0.2097,10.33,ORH,69314
47.01868,-0.21039,21.29,BTH,214603
47.03103,-0.21051,2.25,BTH,22680
47.02201,-0.2084,3.42,BTH,34473
47.0305,-0.21016,1.3,TRN,11375
47.04236,-0.21073,1.69,VRC,14196
47.01802,-0.20626,7.04,BTH,70963
47.0299,-0.20652,8.57,BTH,86385
47.02154,-0.20457,1.82,TRN,15924
47.02554,-0.20485,5.47,TRN,47862
47.04172,-0.21095,0.53,VRC,4452
47.04492,-0.21177,4.44,BTH,44755
47.03962,-0.21039,4.44,VRC,37296
47.04243,-0.2092,0.22,VRC,1848
47.04192,-0.20941,4.07,TTH,35327
47.0434,-0.20991,0.66,BTH,6652
47.04674,-0.20899,11.63,BTH,117230
47.05634,-0.21239,4.59,BTH,46267
47.0591,-0.21317,6.91,TRN,60462
47.06068,-0.21318,4.7,SOG,46624
47.05738,-0.21094,0.98,BTH,9878
47.05492,-0.20945,3.99,BTH,40219
47.05889,-0.20982,3.36,CZH,44755
47.06422,-0.21248,12.01,MIE,128146
47.06641,-0.21183,2.43,BTH,24494
47.03773,-0.20779,3.61,BTH,36388
47.036,-0.20696,0.67,TRN,5862
47.03862,-0.20691,2.8,CZH,37296
47.04124,-0.20721,0.88,TTH,7638
47.05054,-0.20879,7.14,BTH,71971
47.04448,-0.20686,5.21,BTH,52516
47.04914,-0.20787,3.61,VRC,30324
47.03918,-0.20574,1.22,ORP,8186
47.04646,-0.20614,0.56,BTH,5644
47.04866,-0.2062,0.92,BTH,9273
47.06021,-0.20883,5.06,BTH,51004
47.05211,-0.2083,0.17,BTH,1713
47.05276,-0.20727,3.38,BTH,34070
47.05754,-0.20831,5.37,BTH,54129
47.06542,-0.21029,2.59,BTH,26107
47.06902,-0.21077,3.22,MIS,34357
47.0539,-0.20643,3.89,VRC,32676
47.0703,-0.20855,2.26,BTH,22780
47.06251,-0.20712,9.2,MIS,98164
47.07267,-0.23261,4.76,BTH,47980
47.07492,-0.233,14.58,BTH,146966
47.07895,-0.23415,0.93,ORH,6240
47.082,-0.23466,1.07,ORH,7179
47.07897,-0.23304,2.13,BTH,21470
47.08566,-0.23511,14.15,BTH,142632
47.07036,-0.23076,3.3,ORH,22143
47.07232,-0.23072,2.14,BTH,21571
47.11598,-0.2305,0.32,VRC,2687
47.07712,-0.23173,2.45,ORH,16439
47.07956,-0.23243,1.73,ORH,11608
47.081,-0.23096,6.14,BTH,61891
47.09232,-0.23441,0.21,VRC,1763
47.09272,-0.2348,0.41,VRC,3444
47.09261,-0.23445,0.2,VRC,1680
47.09442,-0.2345,1.99,VRN,16715
47.09518,-0.23416,0.28,VRC,2352
47.09842,-0.23542,1.37,BTH,13809
47.0989,-0.23543,0.35,TTH,3038
47.10282,-0.23561,0.76,BTH,7660
47.10276,-0.2348,1.61,BTH,16228
47.09921,-0.23456,0.93,ORH,6240
47.10029,-0.23437,0.32,TTH,2777
47.10237,-0.23458,0.74,MIS,7895
47.10646,-0.23423,1.52,VRC,12768
47.09184,-0.23366,0.1,VRC,840
47.09199,-0.23359,0.33,VRC,2772
47.09206,-0.23311,0.21,VRC,1763
47.09245,-0.233,0.97,VRC,8148
47.09341,-0.23357,0.31,VRC,2603
47.09388,-0.23352,1.08,VRC,9072
47.09552,-0.23352,0.31,VRN,2603
47.0935,-0.23299,0.15,VRC,1259
47.09604,-0.23285,1.78,VRC,14951
47.09008,-0.23169,2.85,BTH,28728
47.09366,-0.23265,0.28,VRC,2352
47.09474,-0.23241,0.64,VRC,5375
47.09638,-0.23267,0.23,VRN,1932
47.09648,-0.23262,0.3,VRC,2519
47.09752,-0.23288,0.55,CZH,7326
47.09712,-0.23262,0.12,CZH,1598
47.09753,-0.23365,0.55,TRN,4812
47.09999,-0.23391,0.17,TTH,1475
47.10029,-0.23344,0.33,CZH,4395
47.09728,-0.23331,0.25,VRC,2099
47.10173,-0.23332,2.17,TRN,18987
47.1051,-0.23422,0.83,CZH,11055
47.10566,-0.23361,0.33,VRC,2772
47.1047,-0.23337,0.77,VRC,6468
47.1053,-0.23356,0.32,VRC,2687
47.07826,-0.23057,0.89,MCR,8828
47.08244,-0.23162,3.93,ORH,26370
47.0876,-0.2315,2.1,TRN,18375
47.07018,-0.22829,1.24,ORH,8320
47.08347,-0.22823,4.49,BTH,45259
47.09508,-0.23183,0.26,VRC,2183
47.0972,-0.23135,0.71,VRN,5963
47.10538,-0.23167,1.19,BTH,11995
47.09832,-0.23106,0.43,VRC,3612
47.10458,-0.23106,1.18,TRN,10325
47.10399,-0.23105,0.54,BTH,5443
47.10358,-0.23094,0.71,VRC,5963
47.08853,-0.22978,2.47,TRN,21612
47.09206,-0.22982,0.86,VRC,7223
47.09389,-0.23019,1.43,VRC,12011
47.09592,-0.23027,0.66,VRN,5544
47.09399,-0.22944,0.28,VRC,2352
47.09312,-0.22867,1.52,BTH,15321
47.09996,-0.23065,4.82,BTH,48585
47.10138,-0.23019,1.68,BTH,16934
47.10232,-0.23078,1.13,BTH,11390
47.10638,-0.23144,7.96,MIS,84933
47.10378,-0.22987,1.02,BTH,10281
47.10212,-0.22901,0.26,VRC,2183
47.1024,-0.22922,0.18,VRC,1512
47.1088,-0.23485,2.68,BTH,27014
47.11398,-0.23701,4.94,BTH,49795
47.10993,-0.23461,3.01,TRN,26337
47.1131,-0.23524,1.31,CZH,17449
47.1156,-0.23514,1.4,VRC,11759
47.12258,-0.23634,0.35,VRC,2939
47.11907,-0.23596,8.51,VRC,71484
47.11634,-0.23507,0.57,VRC,4787
47.12221,-0.23555,0.29,VRC,2435
47.11225,-0.23435,5.54,TRN,48475
47.11522,-0.23399,2.11,BTH,21268
47.12004,-0.23514,0.48,VRC,4032
47.12004,-0.23452,0.22,VRC,1848
47.11994,-0.23431,0.1,VRC,840
47.12162,-0.23489,0.8,VRC,6720
47.11978,-0.23431,0.08,VRC,671
47.11809,-0.2339,0.22,VRC,1848
47.11976,-0.23413,0.16,VRC,1343
47.11974,-0.23394,0.07,VRC,588
47.12097,-0.23406,1.59,VRC,13356
47.13204,-0.23715,1.86,VRC,15623
47.13324,-0.23678,0.48,VRC,4032
47.1309,-0.23679,0.45,VRC,3780
47.13996,-0.23664,0.09,VRC,756
47.1271,-0.23507,0.85,VRN,7139
47.128,-0.23501,0.21,VRC,1763
47.13054,-0.23537,0.14,VRC,1176
47.13202,-0.23555,0.3,VRC,2519
47.13214,-0.23545,0.08,VRC,671
47.13152,-0.23524,0.58,VRC,4871
47.1323,-0.23521,0.43,VRC,3612
47.13332,-0.23564,0.06,VRC,504
47.13304,-0.23546,0.51,VRC,4284
47.13376,-0.23536,0.21,VRC,1763
47.1284,-0.23442,0.35,VRC,2939
47.12852,-0.23425,0.13,VRC,1091
47.12886,-0.23437,0.23,VRC,1932
47.13109,-0.2349,0.24,VRC,2016
47.13256,-0.23458,0.18,VRC,1512
47.13241,-0.23496,0.67,VRC,5628
47.13326,-0.23487,0.15,VRC,1259
47.13326,-0.23453,0.1,VRC,840
47.13315,-0.2343,0.21,VRC,1763
47.11426,-0.23325,1.63,VRC,13691
47.11508,-0.23214,0.83,VRC,6971
47.11062,-0.23255,8.03,TRN,70262
47.11962,-0.2336,0.64,VRC,5375
47.11616,-0.23256,0.4,BTH,4032
47.11748,-0.23257,0.82,VRC,6888
47.11948,-0.23281,0.15,VRC,1259
47.12078,-0.23332,0.14,VRC,1176
47.12066,-0.23324,0.11,VRC,924
47.1159,-0.23229,0.14,BTH,1411
47.11865,-0.23232,0.24,VRC,2016
47.11684,-0.23204,0.17,VRC,1428
47.11661,-0.23166,0.69,BTH,6955
47.11766,-0.2316,0.21,VRC,1763
47.12043,-0.23215,0.12,VRC,1008
47.12008,-0.23186,0.36,VRC,3024
47.123,-0.23307,0.71,VRC,5963
47.11546,-0.23139,0.29,VRC,2435
47.11392,-0.23037,11.31,VRC,95004
47.10878,-0.23011,3.52,MIS,37558
47.11604,-0.23144,0.36,VRC,3024
47.1165,-0.23129,0.1,BTH,1008
47.11985,-0.23151,0.38,VRC,3192
47.1197,-0.23116,0.4,VRN,3360
47.11912,-0.231,1.04,VRC,8735
47.11858,-0.23067,0.8,VRC,6720
47.11652,-0.2303,0.24,VRC,2016
47.11905,-0.23026,0.2,VRC,1680
47.12157,-0.23082,4.01,VRC,33684
47.13316,-0.23401,0.08,VRC,671
47.13249,-0.23387,0.16,VRC,1343
47.13268,-0.23406,0.19,VRC,1596
47.13314,-0.23362,0.2,VRC,1680
47.12808,-0.23264,5.17,VRC,43428
47.13272,-0.23301,0.35,VRC,2939
47.14112,-0.23471,8.43,VRC,70812
47.14284,-0.23474,4.0,VRC,33599
47.1412,-0.23378,0.07,VRC,588
47.14282,-0.23343,0.07,VRC,588
47.1341,-0.23252,0.39,VRC,3276
47.13234,-0.23226,0.16,VRC,1343
47.13174,-0.23165,1.13,VRC,9492
47.13226,-0.23171,0.11,VRC,924
47.13457,-0.23281,0.37,VRC,3107
47.13458,-0.23255,0.44,VRC,3696
47.13444,-0.23216,0.71,VRC,5963
47.13536,-0.23188,0.1,VRC,840
47.1372,-0.23157,6.75,BTH,68039
47.1349,-0.23152,2.0,VRC,16799
47.14046,-0.23163,2.49,BTH,25099
47.07453,-0.22741,4.26,BTH,42940
47.0707,-0.22659,0.79,TRN,6912
47.07924,-0.2272,1.89,BTH,19051
47.08782,-0.22764,1.21,MIS,12910
47.08324,-0.22707,1.03,BTH,10382
47.08594,-0.2266,1.54,MIS,16431
47.08636,-0.22667,0.35,MIS,3734
47.07142,-0.2247,1.01,ORH,6777
47.07979,-0.22592,3.38,BTH,34070
47.08751,-0.22525,2.92,MIS,31156
47.08992,-0.22809,4.72,BTH,47577
47.09371,-0.22826,0.25,VRC,2099
47.09504,-0.22859,0.2,VRC,1680
47.09424,-0.22844,0.54,VRC,4536
47.09642,-0.22858,1.08,VRC,9072
47.09389,-0.22792,0.12,VRC,1008
47.09426,-0.22792,0.8,VRC,6720
47.09536,-0.2278,0.29,VRC,2435
47.09656,-0.22767,0.64,VRC,5375
47.09585,-0.22711,0.52,VRC,4367
47.09659,-0.22738,0.44,VRC,3696
47.0986,-0.22833,2.85,VRC,23940
47.1014,-0.22898,0.73,VRC,6132
47.1028,-0.22898,0.45,VRC,3780
47.10134,-0.22762,0.38,VRC,3192
47.10169,-0.22764,0.35,VRC,2939
47.10576,-0.22792,3.11,MIS,33183
47.10214,-0.22736,0.31,VRC,2603
47.1031,-0.22773,0.14,VRC,1176
47.10491,-0.22781,3.3,TRN,28875
47.09614,-0.22692,0.19,VRC,1596
47.09528,-0.22646,0.03,VRC,252
47.09683,-0.22612,1.38,VRC,11591
47.09546,-0.22589,0.12,VRC,1008
47.09468,-0.22531,2.0,CZH,26640
47.09817,-0.22695,0.27,VRC,2268
47.09786,-0.2265,1.6,VRC,13440
47.10353,-0.22643,0.33,VRC,2772
47.10294,-0.22573,1.37,VRC,11508
47.10604,-0.22622,0.25,TRN,2187
47.1067,-0.22628,0.26,BTH,2620
47.07133,-0.22317,1.56,BTH,15724
47.07221,-0.22341,2.25,ORH,15097
47.07733,-0.22358,3.83,TTH,33244
47.07022,-0.22241,1.13,ORP,7582
47.07309,-0.22213,3.57,BTH,35985
47.0804,-0.22434,0.16,VRC,1343
47.08521,-0.22397,10.54,BTH,106243
47.07938,-0.22333,1.73,BTH,17438
47.07178,-0.22135,0.67,ORP,4495
47.07898,-0.22179,0.56,MIS,5975
47.07441,-0.221,1.64,ORH,11004
47.0781,-0.22086,2.61,VRC,21924
47.08066,-0.22269,0.54,VRC,4536
47.0893,-0.224,1.91,MCR,18947
47.09722,-0.22534,0.41,VRC,3444
47.0909,-0.22399,2.74,TRN,23975
47.09455,-0.22415,0.25,CZH,3330
47.09437,-0.22345,0.55,VRC,4620
47.10065,-0.22561,1.04,VRC,8735
47.10082,-0.22483,0.32,VRC,2687
47.10464,-0.2256,1.77,MIS,18885
47.09806,-0.22381,2.5,VRC,21000
47.10078,-0.2241,0.32,VRC,2687
47.10202,-0.22398,0.3,VRC,2519
47.10282,-0.22429,0.22,VRC,1848
47.10221,-0.22389,0.28,VRC,2352
47.10252,-0.22393,0.37,VRC,3107
47.10406,-0.22401,2.47,BTH,24897
47.10568,-0.22434,0.71,MIS,7575
47.09464,-0.22307,0.67,TTH,5815
47.09606,-0.22291,9.47,ORH,63543
47.11164,-0.22671,0.97,VRC,8148
47.0883,-0.22239,3.4,MCR,33728
47.09168,-0.22236,1.55,TRN,13562
47.09956,-0.22284,1.06,VRC,8904
47.0993,-0.22205,0.27,VRC,2268
47.10262,-0.22266,4.37,VRC,36708
47.10499,-0.2232,0.54,MIS,5761
47.10478,-0.22229,0.83,MIS,8856
47.11172,-0.22933,0.73,VRC,6132
47.11182,-0.22875,2.26,VRC,18984
47.10885,-0.22778,5.06,TRN,44274
47.111,-0.2283,1.95,VRC,16379
47.11298,-0.22841,0.07,VRC,588
47.11454,-0.22831,0.21,BTH,2116
47.11738,-0.22929,1.69,VRC,14196
47.11674,-0.22839,0.48,VRC,4032
47.11856,-0.22856,1.04,VRC,8735
47.11502,-0.22757,2.71,VRC,22764
47.11081,-0.22629,2.41,VRC,20244
47.10793,-0.22622,2.72,MIS,29022
47.11633,-0.22808,0.34,VRC,2856
47.11664,-0.22812,0.37,VRC,3107
47.11614,-0.22814,0.33,VRC,2772
47.11776,-0.2275,0.13,VRC,1091
47.11664,-0.22723,0.05,VRC,420
47.11727,-0.22748,0.09,VRC,756
47.11726,-0.22695,0.46,VRC,3864
47.1161,-0.22633,0.82,VRC,6888
47.11848,-0.22701,0.81,VRC,6804
47.11894,-0.22713,0.27,VRC,2268
47.12936,-0.22983,2.78,VRC,23352
47.13051,-0.23037,1.68,VRC,14111
47.12818,-0.22915,0.59,VRC,4955
47.1319,-0.22991,0.14,FLA,2800
47.13464,-0.23038,2.87,VRC,24108
47.1425,-0.23061,1.54,VRC,12936
47.13126,-0.22925,0.95,FLA,19000
47.13226,-0.22943,2.75,FLA,55000
47.13346,-0.22899,1.87,VRC,15708
47.12876,-0.228,0.4,VRC,3360
47.12837,-0.22736,0.19,VRC,1596
47.12808,-0.22736,0.28,VRC,2352
47.129,-0.22731,0.09,VRC,756
47.13006,-0.22762,1.98,VRC,16631
47.13423,-0.22825,0.34,VRC,2856
47.1327,-0.22763,0.55,VRN,4620
47.13606,-0.22941,1.27,VRC,10668
47.13972,-0.22909,6.16,VRC,51744
47.13433,-0.22746,1.46,VRC,12264
47.14216,-0.22829,4.72,BTH,47577
47.11012,-0.22558,1.18,VRC,9911
47.1148,-0.22605,0.23,VRC,1932
47.11534,-0.22591,0.28,VRC,2352
47.11506,-0.22583,0.16,VRC,1343
47.1077,-0.22415,1.8,BDH,18144
47.11456,-0.2252,0.67,VRC,5628
47.11594,-0.22542,0.32,VRC,2687
47.11551,-0.22498,0.57,VRC,4787
47.11763,-0.22652,0.15,VRC,1259
47.11724,-0.22625,0.62,VRC,5207
47.11897,-0.22676,0.24,VRC,2016
47.11624,-0.22584,0.17,VRC,1428
47.1189,-0.22613,0.35,VRC,2939
47.11778,-0.22538,1.13,VRC,9492
47.11742,-0.22514,0.14,VRC,1176
47.11396,-0.22455,1.92,VRC,16128
47.113,-0.22409,0.22,VRC,1848
47.10984,-0.22245,1.07,VRC,8988
47.11094,-0.22267,3.59,VRC,30156
47.11327,-0.22352,0.74,VRC,6215
47.1145,-0.22325,0.73,VRC,6132
47.11309,-0.223,0.28,VRC,2352
47.11697,-0.22496,1.17,VRC,9828
47.11874,-0.22449,0.37,VRC,3107
47.11844,-0.22407,0.63,VRC,5292
47.12764,-0.22675,0.45,VRC,3780
47.12735,-0.22634,0.65,VRC,5460
47.1292,-0.22646,1.07,VRC,8988
47.1321,-0.2274,0.08,VRC,671
47.13231,-0.22734,0.06,VRC,504
47.13428,-0.22736,0.17,VRC,1428
47.13168,-0.22651,0.14,VRC,1176
47.132,-0.22709,0.26,VRC,2183
47.12859,-0.22641,0.33,VRC,2772
47.12673,-0.2258,0.62,VRC,5207
47.12974,-0.22562,0.51,VRC,4284
47.13346,-0.2266,0.49,VRC,4116
47.1371,-0.22709,0.47,VRC,3948
47.13868,-0.22721,2.27,TRN,19862
47.1363,-0.22671,4.02,VRC,33767
47.12688,-0.22521,0.32,VRC,2687
47.12868,-0.22535,0.15,VRC,1259
47.12659,-0.22472,0.08,VRC,671
47.12736,-0.22457,0.84,VRC,7055
47.13004,-0.22552,0.34,VRC,2856
47.13034,-0.22564,0.21,VRC,1763
47.1305,-0.22524,0.27,VRC,2268
47.13073,-0.22541,0.42,VRC,3527
47.13096,-0.22525,0.67,VRC,5628
47.13143,-0.22484,0.28,VRC,2352
47.12672,-0.22429,0.41,VRC,3444
47.13194,-0.22452,0.05,VRC,420
47.13314,-0.2244,3.0,VRC,25200
47.13018,-0.22409,0.44,VRC,3696
47.13497,-0.22591,1.71,VRC,14363
47.13862,-0.22597,2.23,BTH,22478
47.14042,-0.22598,0.85,FLA,17000
47.13604,-0.22467,0.92,VRC,7728
47.13456,-0.22442,0.26,VRC,2183
47.13482,-0.22429,0.15,VRC,1259
47.14197,-0.22512,0.07,FLA,1400
47.1435,-0.2368,4.44,TRN,38850
47.14544,-0.2372,5.43,BTH,54734
47.15126,-0.23745,3.06,BTH,30844
47.15226,-0.23765,1.96,BTH,19756
47.15391,-0.23892,0.49,VRC,4116
47.15461,-0.23897,0.13,VRC,1091
47.15308,-0.23842,0.61,BTH,6148
47.15583,-0.23888,1.95,VRC,16379
47.1586,-0.23906,0.17,BTH,1713
47.15976,-0.23887,0.53,VRC,4452
47.16116,-0.23901,1.55,VRC,13020
47.15704,-0.23867,2.38,VRC,19992
47.1597,-0.23838,0.22,VRC,1848
47.15489,-0.23789,0.28,VRC,2352
47.15529,-0.23812,0.03,VRC,252
47.1551,-0.23737,0.39,VRC,3276
47.1562,-0.23725,0.78,VRC,6552
47.15786,-0.23793,0.87,VRC,7307
47.15876,-0.23807,1.54,BDH,15523
47.16122,-0.23794,2.13,VRC,17892
47.14778,-0.23508,9.49,BTH,95659
47.15222,-0.23583,0.31,BTH,3124
47.1504,-0.2353,3.04,BTH,30643
47.15594,-0.23648,1.04,VRC,8735
47.15802,-0.23674,0.25,VRC,2099
47.16138,-0.23701,1.26,VRC,10584
47.15306,-0.23635,1.78,VRC,14951
47.1572,-0.23662,0.34,VRC,2856
47.155,-0.23625,1.94,VRC,16296
47.15703,-0.2359,0.35,VRN,2939
47.15855,-0.23602,0.33,VRC,2772
47.16064,-0.23652,1.21,VRC,10164
47.15774,-0.23594,0.57,VRC,4787
47.15954,-0.23622,0.56,VRC,4704
47.1604,-0.23621,1.24,VRC,10415
47.16572,-0.23942,0.41,VRC,3444
47.16467,-0.23874,0.48,VRC,4032
47.16737,-0.23936,0.81,VRC,6804
47.16684,-0.23909,0.51,VRC,4284
47.16902,-0.23916,0.25,VRC,2099
47.1702,-0.23942,1.72,BTH,17337
47.16898,-0.23906,0.1,VRC,840
47.16351,-0.23796,3.1,VRC,26040
47.16522,-0.23832,0.54,VRC,4536
47.1642,-0.23789,0.68,VRC,5712
47.16825,-0.23886,0.57,VRC,4787
47.16629,-0.23837,1.65,VRC,13859
47.1704,-0.23859,0.84,VRC,7055
47.16972,-0.23855,0.19,VRC,1596
47.17116,-0.23972,0.46,VRC,3864
47.17532,-0.24009,0.31,VRC,2603
47.17203,-0.2395,0.79,BTH,7963
47.17246,-0.23959,0.72,BTH,7257
47.17494,-0.23968,0.57,VRC,4787
47.17472,-0.23871,1.16,BTH,11692
47.17761,-0.23922,1.98,CZH,26373
47.1767,-0.23913,1.3,TRN,11375
47.16438,-0.23748,0.53,VRN,4452
47.16559,-0.23736,0.51,VRC,4284
47.16982,-0.2377,1.98,VRC,16631
47.16782,-0.2377,1.95,VRC,16379
47.16402,-0.2369,0.48,VRC,4032
47.16294,-0.23671,0.99,VRC,8315
47.16801,-0.23657,0.27,VRC,2268
47.16662,-0.23642,0.24,VRC,2016
47.16774,-0.23654,0.08,VRC,671
47.17038,-0.23672,0.41,VRC,3444
47.17211,-0.23811,0.22,VRC,1848
47.17349,-0.23802,1.07,VRC,8988
47.1743,-0.23823,0.28,BTH,2822
47.17462,-0.23774,0.66,VRC,5544
47.17681,-0.23812,2.39,TRN,20912
47.17688,-0.23715,2.08,CZH,27705
47.14906,-0.23423,2.49,BTH,25099
47.15232,-0.23482,1.12,VRC,9408
47.14458,-0.23411,2.42,TRN,21175
47.15536,-0.23503,0.15,VRC,1259
47.1575,-0.2351,1.44,VRC,12096
47.15502,-0.23502,0.42,VRC,3527
47.15632,-0.23477,0.29,VRC,2435
47.16075,-0.23528,1.35,VRC,11340
47.15534,-0.23395,4.3,VRC,36119
47.15742,-0.23451,0.45,VRC,3780
47.15872,-0.23467,0.26,VRC,2183
47.15952,-0.23537,0.99,VRC,8315
47.16064,-0.23438,0.68,VRC,5712
47.16032,-0.23415,2.01,VRC,16883
47.14643,-0.2331,2.62,BTH,26409
47.15143,-0.23262,5.41,VRC,45443
47.14459,-0.23192,2.87,BTH,28929
47.14817,-0.23238,3.11,BTH,31348
47.15704,-0.23395,1.21,VRC,10164
47.15349,-0.2333,1.18,VRC,9911
47.15614,-0.23333,0.31,VRC,2603
47.15658,-0.23364,0.96,VRC,8064
47.16034,-0.23353,0.4,VRC,3360
47.15404,-0.23277,0.51,VRC,4284
47.15484,-0.23276,0.79,VRC,6636
47.15582,-0.23308,0.18,VRC,1512
47.15612,-0.23193,1.1,VRC,9240
47.15956,-0.23206,6.38,VRC,53592
47.16494,-0.23625,1.42,VRC,11927
47.16662,-0.23611,0.38,VRC,3192
47.16792,-0.23618,0.38,VRC,3192
47.16945,-0.2364,0.09,VRC,756
47.16958,-0.23627,0.3,VRN,2519
47.16816,-0.23564,0.87,VRC,7307
47.16333,-0.23492,3.9,VRC,32760
47.16566,-0.23511,0.88,BTH,8870
47.16555,-0.23477,0.24,VRC,2016
47.17012,-0.23573,0.44,VRC,3696
47.16868,-0.23507,0.39,VRC,3276
47.16758,-0.23474,0.3,VRC,2519
47.16997,-0.23523,0.5,VRC,4199
47.17406,-0.2363,0.82,VRC,6888
47.17414,-0.23599,0.15,VRC,1259
47.17672,-0.23645,2.39,ORH,16036
47.17388,-0.23584,0.35,VRC,2939
47.17358,-0.23514,1.11,VRC,9324
47.17506,-0.23532,0.35,VRC,2939
47.17594,-0.2355,1.15,VRN,9659
47.16327,-0.23427,0.16,ORH,1073
47.16582,-0.2343,2.87,VRC,24108
47.1622,-0.23343,0.84,ORH,5636
47.17002,-0.23457,1.39,VRC,11675
47.16783,-0.23394,0.46,VRC,3864
47.1693,-0.23391,1.1,VRC,9240
47.17099,-0.23408,0.61,VRN,5124
47.16202,-0.23324,0.4,VRC,3360
47.19409,-0.23847,1.56,BTH,15724
47.1637,-0.23312,2.14,VRC,17976
47.16757,-0.23358,0.57,VRC,4787
47.17307,-0.23483,0.48,VRC,4032
47.17195,-0.23427,0.28,VRN,2352
47.17531,-0.23481,1.92,TRN,16800
47.17666,-0.23493,0.77,CZH,10256
47.17876,-0.23517,0.72,CZH,9590
47.17325,-0.23358,1.41,VRC,11843
47.17481,-0.23321,1.67,VRC,14027
47.17877,-0.23435,2.85,TRN,24937
47.18052,-0.23391,2.22,BTH,22377
47.18414,-0.24032,2.85,ORH,19123
47.18402,-0.23907,1.58,CZH,21045
47.18722,-0.23974,2.88,BTH,29030
47.19714,-0.24093,1.06,TRN,9275
47.1934,-0.24029,5.8,TRN,50750
47.18395,-0.23772,1.77,BTH,17841
47.19146,-0.23771,4.98,TRN,43575
47.18986,-0.23676,9.83,TRN,86012
47.19476,-0.23721,2.79,TRN,24412
47.20078,-0.24099,1.61,BTH,16228
47.2035,-0.24137,2.63,MIS,28062
47.20273,-0.24081,5.6,BTH,56447
47.20416,-0.24091,1.44,BTH,14515
47.2083,-0.24203,3.14,BTH,31651
47.21429,-0.2427,8.13,BTH,81950
47.21184,-0.24137,1.81,TRN,15837
47.19905,-0.23945,17.02,MIS,181603
47.20484,-0.2395,3.08,MIS,32863
47.20758,-0.23854,6.0,MIS,64019
47.20883,-0.23964,0.84,BTH,8467
47.21143,-0.24007,5.69,BTH,57355
47.21566,-0.23984,8.33,BTH,83966
47.18398,-0.23612,3.21,ORH,21539
47.1866,-0.23689,2.6,TRN,22750
47.19672,-0.23724,6.3,BTH,63504
47.1926,-0.23678,4.24,BTH,42739
47.18616,-0.23513,4.97,CZH,66200
47.18246,-0.23426,2.6,BTH,26208
47.19568,-0.23591,0.48,MIS,5121
47.20356,-0.23743,9.57,MIS,102111
47.2006,-0.2364,3.06,MIS,32650
47.2091,-0.23866,2.5,BTH,25200
47.21084,-0.2378,1.97,BTH,19857
47.21324,-0.23816,3.2,VRC,26880
47.20775,-0.23664,1.68,MIS,17925
47.20471,-0.23576,4.28,BTH,43142
47.21,-0.23685,3.93,MIS,41933
47.21188,-0.23599,0.18,VRC,1512
47.21388,-0.23622,3.71,VRC,31163
47.14595,-0.23139,0.67,TRN,5862
47.14722,-0.23082,1.2,BTH,12096
47.14996,-0.23153,4.66,MIS,49722
47.15426,-0.23189,0.52,VRC,4367
47.15342,-0.2315,1.98,VRC,16631
47.15481,-0.23157,1.26,VRC,10584
47.158,-0.23191,0.26,VRC,2183
47.15312,-0.23052,0.46,VRC,3864
47.15466,-0.23069,0.28,VRC,2352
47.15559,-0.2309,0.25,VRC,2099
47.15804,-0.23113,0.8,VRC,6720
47.16047,-0.23145,1.53,VRC,12851
47.14682,-0.22996,4.94,TRN,43225
47.15144,-0.22918,2.11,VRC,17724
47.15015,-0.22856,0.31,TRN,2712
47.15641,-0.23092,1.64,VRC,13776
47.15293,-0.22974,0.71,VRC,5963
47.15489,-0.23007,0.55,VRC,4620
47.15624,-0.22984,0.13,VRC,1091
47.15772,-0.23058,0.22,VRC,1848
47.15972,-0.23075,0.85,VRC,7139
47.15778,-0.23019,0.42,VRC,3527
47.15928,-0.2304,1.32,VRC,11088
47.15834,-0.22991,0.28,VRC,2352
47.15599,-0.22972,0.38,VRC,3192
47.15372,-0.22935,3.11,VRC,26124
47.15601,-0.22913,0.49,VRC,4116
47.15758,-0.22962,1.0,VRC,8399
47.15938,-0.22918,0.48,VRC,4032
47.1617,-0.22931,0.2,VRC,1680
47.16122,-0.22939,0.35,VRC,2939
47.16284,-0.23228,2.84,VRC,23856
47.16542,-0.23211,3.08,VRC,25872
47.1696,-0.23269,0.23,VRN,1932
47.16954,-0.23237,0.22,VRC,1848
47.16252,-0.23101,0.95,VRC,7979
47.16752,-0.23161,1.66,VRC,13943
47.16941,-0.23163,0.09,ORH,603
47.17116,-0.2316,0.34,VRC,2856
47.1726,-0.23305,0.72,VRC,6048
47.17264,-0.23245,0.8,VRC,6720
47.176,-0.23304,1.1,CZH,14652
47.17771,-0.23306,2.73,BTH,27518
47.17468,-0.23242,0.69,BTH,6955
47.17246,-0.23141,0.99,VRC,8315
47.17938,-0.23245,3.83,TRN,33512
47.16206,-0.231,0.53,VRC,4452
47.16274,-0.23012,0.43,VRC,3612
47.16256,-0.23006,0.1,VRC,840
47.1696,-0.23053,0.24,VRC,2016
47.1701,-0.23061,0.77,VRC,6468
47.1625,-0.22993,0.41,VRC,3444
47.16253,-0.22939,0.78,VRC,6552
47.16478,-0.2299,0.83,VRC,6971
47.17495,-0.23143,0.77,VRC,6468
47.17218,-0.23057,0.32,BTH,3225
47.17328,-0.23057,0.72,VRC,6048
47.17901,-0.23044,1.84,BTH,18547
47.1493,-0.2282,0.47,VRC,3948
47.15262,-0.22903,0.68,VRC,5712
47.149,-0.22788,1.05,TRN,9187
47.15136,-0.22778,0.85,VRC,7139
47.15228,-0.22756,0.53,VRC,4452
47.1509,-0.22743,0.28,VRC,2352
47.1507,-0.2269,0.88,VRC,7391
47.15552,-0.22888,1.2,VRC,10079
47.15717,-0.22855,0.58,VRC,4871
47.15702,-0.22824,0.19,VRC,1596
47.15787,-0.22856,0.52,VRC,4367
47.15916,-0.22873,0.84,VRC,7055
47.16166,-0.22848,1.38,VRC,11591
47.161,-0.22803,0.56,VRC,4704
47.15824,-0.22771,0.6,VRC,5039
47.16085,-0.2277,0.54,VRC,4536
47.14688,-0.22642,12.29,TRN,107537
47.14942,-0.22667,0.9,VRC,7560
47.14826,-0.22525,0.46,CZH,6127
47.15513,-0.2269,0.63,VRC,5292
47.15666,-0.22702,0.3,VRC,2519
47.15506,-0.22658,0.14,VRC,1176
47.15633,-0.22649,0.87,VRC,7307
47.15826,-0.22689,0.63,VRC,5292
47.16046,-0.22727,0.79,VRC,6636
47.1581,-0.22659,0.41,VRC,3444
47.16008,-0.22658,1.21,VRC,10164
47.15478,-0.22584,0.38,VRC,3192
47.15524,-0.22611,0.3,VRC,2519
47.15436,-0.22561,1.06,VRC,8904
47.15658,-0.22575,0.91,VRC,7643
47.1578,-0.22567,1.51,VRC,12684
47.15982,-0.22633,0.44,VRC,3696
47.15976,-0.2259,0.42,VRN,3527
47.16186,-0.22632,0.42,VRC,3527
47.16172,-0.22585,0.98,VRC,8232
47.16208,-0.22926,1.1,VRC,9240
47.16502,-0.22933,0.23,VRC,1932
47.16496,-0.22892,0.63,VRC,5292
47.16432,-0.22884,0.47,VRC,3948
47.16914,-0.22971,0.35,VRN,2939
47.17053,-0.22989,2.28,VRC,19152
47.1626,-0.22809,0.79,VRC,6636
47.16454,-0.22803,0.25,VRC,2099
47.16681,-0.22834,2.0,VRC,16799
47.1682,-0.22828,0.09,VRC,756
47.1779,-0.2295,5.72,TRN,50050
47.16438,-0.22742,1.1,VRC,9240
47.17134,-0.22795,0.55,VRC,4620
47.16686,-0.22624,5.59,VRC,46955
47.17081,-0.22673,0.23,VRC,1932
47.17311,-0.22801,6.78,BTH,68342
47.17998,-0.22722,2.46,BTH,24796
47.17513,-0.22685,14.74,BTH,148579
47.18276,-0.23357,1.77,BTH,17841
47.18642,-0.23244,2.03,ORP,13621
47.193,-0.23376,4.75,BTH,47880
47.18946,-0.23395,3.2,BTH,32256
47.1974,-0.23469,0.69,BTH,6955
47.19772,-0.23325,4.92,SOG,48806
47.18591,-0.23225,0.98,BTH,9878
47.18619,-0.23091,3.25,BTH,32760
47.18316,-0.23104,4.71,BTH,47476
47.1948,-0.23248,3.16,BTH,31852
47.19258,-0.23174,0.88,TRN,7700
47.1843,-0.22799,0.22,TRN,1925
47.19052,-0.2315,2.8,TRN,24500
47.19382,-0.23172,1.15,BTH,11591
47.20264,-0.23445,3.47,BTH,34977
47.2088,-0.23474,2.44,MIS,26034
47.21134,-0.23537,3.38,BTH,34070
47.21501,-0.23547,1.13,TRN,9887
47.21567,-0.23552,0.31,VRC,2603
47.21638,-0.23515,1.41,VRC,11843
47.21442,-0.23507,0.47,VRC,3948
47.21419,-0.23451,0.55,TRN,4812
47.20019,-0.23331,6.9,MIS,73623
47.20774,-0.2336,11.96,BTH,120556
47.20156,-0.23234,3.7,BTH,37296
47.20748,-0.23231,2.47,BTH,24897
47.20964,-0.23356,0.78,BTH,7862
47.21322,-0.23392,0.64,VRC,5375
47.2173,-0.23387,2.56,VRC,21504
47.21411,-0.23358,0.95,VRC,7979
47.21545,-0.23308,0.93,BTH,9374
47.21534,-0.23247,1.02,TRN,8924
47.18235,-0.22966,3.65,BDH,36792
47.19408,-0.23082,1.4,BTH,14111
47.1896,-0.22855,5.16,BTH,52012
47.18432,-0.22721,0.16,TRN,1400
47.19288,-0.23018,7.54,TRN,65975
47.19784,-0.22835,13.37,MIS,142657
47.2029,-0.2315,11.48,BTH,115718
47.21311,-0.23208,0.28,VRC,2352
47.21664,-0.23268,0.79,VRC,6636
47.21511,-0.23172,1.21,VRC,10164
47.20941,-0.23143,4.85,MIS,51749
47.21068,-0.23077,2.43,VRC,20412
47.21468,-0.23082,1.34,BTH,13507
47.21684,-0.2311,2.43,ORH,16305
47.19983,-0.22876,3.62,BTH,36489
47.21235,-0.22989,0.92,VRC,7728
47.21618,-0.22998,1.17,VRC,9828
47.21462,-0.22921,3.18,BTH,32054
47.07263,-0.21999,4.34,ORP,29121
47.07545,-0.22034,0.96,ORH,6441
47.08643,-0.2207,1.26,TRN,11025
47.08724,-0.21953,2.48,ORH,16640
47.07615,-0.21805,1.01,TRN,8837
47.07894,-0.21858,2.99,VRC,25116
47.08423,-0.21892,2.37,BTH,23889
47.10102,-0.22032,1.98,VRC,16631
47.09286,-0.221,0.75,TRN,6562
47.09906,-0.22169,0.87,VRC,7307
47.10577,-0.22222,0.43,MIS,4588
47.09989,-0.22097,1.01,VRC,8484
47.10028,-0.22042,0.64,ORH,4294
47.10616,-0.22129,2.03,MIS,21660
47.0894,-0.21938,1.05,TRN,9187
47.10212,-0.22063,2.59,CZH,34498
47.1035,-0.22053,5.6,TRN,49000
47.10608,-0.22027,2.16,BTH,21772
47.09848,-0.2197,3.56,BTH,35884
47.10618,-0.21925,0.95,TRN,8312
47.07124,-0.21634,0.7,MIE,7468
47.08664,-0.2177,1.4,TRN,12250
47.07982,-0.21651,0.69,VRC,5795
47.081,-0.21669,3.28,BTH,33062
47.07382,-0.21576,5.86,MIS,62526
47.08585,-0.21615,2.13,ORH,14292
47.08192,-0.21382,3.18,TTH,27602
47.0867,-0.21566,0.98,ORH,6575
47.09556,-0.21859,0.92,TTH,7985
47.097,-0.21869,1.99,CZH,26506
47.08935,-0.21723,1.31,BTH,13204
47.09782,-0.21657,2.11,ORP,14158
47.10133,-0.2188,0.2,VRC,1680
47.10178,-0.21836,0.97,VRN,8148
47.10578,-0.2182,3.07,BTH,30945
47.09662,-0.2156,1.16,BTH,11692
47.10092,-0.21713,1.31,VRC,11004
47.10138,-0.21639,0.53,VRC,4452
47.10169,-0.21616,0.38,VRC,3192
47.10192,-0.21681,0.18,VRC,1512
47.10206,-0.21666,0.24,VRC,2016
47.10658,-0.2174,2.48,MIS,26461
47.09934,-0.21539,1.4,ORH,9394
47.10038,-0.21538,1.51,ORP,10132
47.10498,-0.21576,1.72,TRN,15049
47.1128,-0.22273,0.29,VRC,2435
47.11206,-0.22273,0.77,VRC,6468
47.11264,-0.22227,0.26,VRC,2183
47.11205,-0.22181,0.35,VRC,2939
47.1134,-0.22137,1.01,VRC,8484
47.11419,-0.22182,1.65,VRC,13859
47.118,-0.22314,0.22,VRN,1848
47.11774,-0.22218,1.66,VRC,13943
47.11911,-0.22261,0.5,VRC,4199
47.12092,-0.22296,0.26,VRC,2183
47.13434,-0.22273,0.2,VRC,1680
47.1127,-0.22123,1.15,VRC,9659
47.11364,-0.22039,0.89,VRC,7475
47.10812,-0.21942,0.81,BTH,8164
47.112,-0.21957,0.25,VRC,2099
47.11325,-0.21961,1.22,VRC,10248
47.11866,-0.22149,0.65,VRC,5460
47.1191,-0.22138,0.23,VRC,1932
47.11928,-0.2215,0.17,VRC,1428
47.11797,-0.22096,0.97,VRC,8148
47.1213,-0.22117,0.25,VRC,2099
47.11759,-0.22076,0.36,VRC,3024
47.11992,-0.22104,3.41,VRC,28644
47.11742,-0.22024,1.23,VRC,10331
47.12213,-0.22014,0.13,VRC,1091
47.12882,-0.2239,0.54,VRC,4536
47.12842,-0.22349,0.41,VRC,3444
47.12702,-0.22294,1.35,VRC,11340
47.1282,-0.22287,0.38,VRC,3192
47.1309,-0.22362,0.27,VRC,2268
47.13324,-0.22336,0.5,VRC,4199
47.12924,-0.22268,3.19,VRC,26796
47.1302,-0.22242,1.47,VRC,12347
47.13432,-0.22319,0.22,VRC,1848
47.13299,-0.22277,0.72,VRC,6048
47.13488,-0.22383,1.25,VRC,10500
47.13632,-0.22405,1.38,BTH,13910
47.13918,-0.22378,5.61,BTH,56548
47.14191,-0.22436,2.05,BTH,20664
47.1351,-0.22333,0.2,VRC,1680
47.13524,-0.22277,0.18,VRC,1512
47.13632,-0.22268,1.29,BTH,13003
47.1419,-0.22338,0.85,VRC,7139
47.12754,-0.222,0.91,VRC,7643
47.13302,-0.22227,0.61,VRC,5124
47.13412,-0.22241,0.16,VRC,1343
47.13108,-0.22128,4.06,VRC,34104
47.13418,-0.22196,0.37,VRC,3107
47.12796,-0.22115,0.42,VRC,3527
47.12987,-0.22093,0.24,VRC,2016
47.12792,-0.22034,1.71,VRC,14363
47.12892,-0.22057,0.38,VRC,3192
47.1292,-0.22059,0.21,VRC,1763
47.13035,-0.22154,0.52,VRC,4367
47.13194,-0.22128,0.34,VRC,2856
47.13217,-0.22123,0.17,VRC,1428
47.1379,-0.22164,1.33,BTH,13406
47.13519,-0.22093,0.84,VRC,7055
47.13928,-0.22196,1.13,VRC,9492
47.14204,-0.22113,1.27,VRC,10668
47.11264,-0.21889,0.96,VRC,8064
47.11378,-0.21855,1.28,VRC,10751
47.11464,-0.2186,1.43,VRC,12011
47.11167,-0.21835,0.67,VRN,5628
47.11198,-0.21784,0.45,BTH,4536
47.11722,-0.21922,1.04,VRC,8735
47.11923,-0.21923,1.2,VRC,10079
47.12326,-0.21999,0.12,VRC,1008
47.12283,-0.21952,0.57,VRC,4787
47.12352,-0.21954,0.84,VRC,7055
47.11698,-0.21835,0.72,VRC,6048
47.11878,-0.21855,1.2,VRC,10079
47.12418,-0.21882,0.22,VRC,1848
47.10809,-0.21764,1.39,BTH,14011
47.10828,-0.21679,0.42,VRC,3527
47.11082,-0.21768,5.9,VRC,49560
47.11323,-0.21766,0.18,VRC,1512
47.11239,-0.2172,0.24,VRC,2016
47.10964,-0.21595,1.79,BTH,18043
47.11254,-0.21677,0.41,VRC,3444
47.11238,-0.2163,0.49,VRC,4116
47.11474,-0.2163,1.03,VRC,8652
47.11556,-0.21653,0.73,VRC,6132
47.11824,-0.21755,1.86,VRC,15623
47.12005,-0.21768,0.93,VRC,7811
47.12227,-0.21822,0.33,VRC,2772
47.12278,-0.21811,0.2,VRC,1680
47.12348,-0.21842,0.38,VRC,3192
47.12288,-0.21762,0.59,VRC,4955
47.12368,-0.21799,0.93,VRC,7811
47.1195,-0.21724,0.65,VRC,5460
47.1244,-0.21768,1.4,VRC,11759
47.12498,-0.21743,0.22,VRC,1848
47.1225,-0.21703,0.21,VRC,1763
47.12138,-0.21708,1.21,VRC,10164
47.1279,-0.21978,0.19,VRC,1596
47.1327,-0.22069,1.35,VRC,11340
47.12778,-0.21893,1.95,VRC,16379
47.12998,-0.21932,0.68,VRC,5712
47.12929,-0.219,0.68,VRC,5712
47.13353,-0.21938,0.21,VRC,1763
47.13636,-0.22075,0.59,BTH,5947
47.13463,-0.22051,0.25,VRC,2099
47.13586,-0.22056,0.32,VRC,2687
47.13722,-0.21984,2.63,BTH,26510
47.13922,-0.22069,1.17,VRC,9828
47.14112,-0.22018,0.79,VRC,6636
47.14156,-0.22019,0.12,VRC,1008
47.14168,-0.21976,0.14,VRC,1176
47.14404,-0.21986,2.4,BTH,24192
47.14156,-0.21966,0.12,VRC,1008
47.12707,-0.21827,0.13,VRC,1091
47.12646,-0.21824,0.33,VRC,2772
47.13474,-0.21886,1.37,VRC,11508
47.1281,-0.21756,0.56,VRC,4704
47.12718,-0.21739,0.41,VRC,3444
47.132,-0.21821,1.35,VRC,11340
47.13321,-0.21805,1.15,VRC,9659
47.13156,-0.21738,0.33,VRC,2772
47.1388,-0.21978,3.8,BDH,38303
47.13572,-0.21835,1.62,VRC,13608
47.1409,-0.21887,4.95,BDH,49896
47.07366,-0.21362,1.75,BTH,17639
47.07073,-0.21294,6.97,TRN,60987
47.08241,-0.21341,0.82,ORH,5502
47.11492,-0.21394,0.37,VRC,3107
47.08704,-0.21322,1.96,ORH,13151
47.0883,-0.2133,0.93,ORH,6240
47.0857,-0.21183,2.32,ORH,15567
47.08868,-0.21396,0.53,ORH,3556
47.10308,-0.21529,1.98,BTH,19958
47.10593,-0.21451,4.45,BTH,44855
47.09614,-0.21196,5.91,MIS,63059
47.11407,-0.21383,0.07,VRC,588
47.0977,-0.21245,2.65,TRN,23187
47.1031,-0.21342,1.18,VRC,9911
47.10424,-0.21352,2.74,BTH,27619
47.10222,-0.21236,5.69,TRN,49787
47.10074,-0.21209,3.62,CZH,48218
47.10578,-0.21301,0.69,BTH,6955
47.10604,-0.21291,1.06,BTH,10684
47.07489,-0.20952,2.86,TRN,25025
47.07842,-0.20836,1.25,MIS,13337
47.07942,-0.20778,2.56,BTH,25804
47.08143,-0.20902,0.45,MIS,4801
47.08221,-0.20861,1.1,BTH,11088
47.10514,-0.2095,3.78,VRC,31752
47.11504,-0.21394,0.07,VRC,588
47.08827,-0.20934,5.3,TRN,46375
47.0842,-0.20773,0.39,MIS,4161
47.08742,-0.20791,2.1,TRN,18375
47.08814,-0.21179,2.76,TRN,24150
47.10356,-0.21184,1.63,VRC,13691
47.1061,-0.21183,3.6,MIS,38412
47.09889,-0.21153,5.98,ORH,40125
47.09694,-0.20866,3.51,CZH,46753
47.1023,-0.20985,1.28,TRN,11200
47.0997,-0.20886,5.04,BTH,50803
47.10646,-0.2097,4.09,BTH,41227
47.11334,-0.21598,1.5,VRC,12600
47.11598,-0.21644,0.45,VRC,3780
47.11417,-0.21562,0.24,VRC,2016
47.10782,-0.21465,0.77,BTH,7761
47.11196,-0.21524,0.86,VRC,7223
47.11335,-0.21484,0.47,VRC,3948
47.12054,-0.21606,0.44,VRC,3696
47.12116,-0.21646,0.24,VRC,2016
47.12234,-0.2165,0.32,VRC,2687
47.1244,-0.21695,0.9,VRC,7560
47.12112,-0.21608,0.48,VRC,4032
47.12518,-0.21667,0.43,VRC,3612
47.11735,-0.21533,0.62,VRC,5207
47.12378,-0.21592,0.57,VRC,4787
47.12331,-0.21537,0.35,VRC,2939
47.1077,-0.21302,1.02,BTH,10281
47.10926,-0.21369,1.42,VRC,11927
47.11242,-0.21407,0.54,VRC,4536
47.11338,-0.21391,0.73,VRC,6132
47.11611,-0.2146,0.28,VRC,2352
47.10982,-0.21313,0.99,VRC,8315
47.11273,-0.21351,0.21,VRC,1763
47.11423,-0.2138,0.32,VRC,2687
47.11622,-0.21359,0.17,VRC,1428
47.11458,-0.21352,0.19,VRC,1596
47.11397,-0.21302,0.09,VRC,756
47.11537,-0.21334,0.38,VRC,3192
47.11585,-0.21338,0.27,VRC,2268
47.11412,-0.2129,0.18,VRC,1512
47.11428,-0.21275,0.09,VRC,756
47.11552,-0.21304,0.22,VRC,1848
47.11931,-0.21442,0.14,VRC,1176
47.11924,-0.21413,0.3,VRC,2519
47.12302,-0.21475,1.3,VRC,10920
47.12205,-0.21474,0.8,VRC,6720
47.11814,-0.21349,0.43,VRC,3612
47.11772,-0.21351,0.46,VRC,3864
47.11883,-0.21329,1.32,VRC,11088
47.12321,-0.21392,0.63,VRC,5292
47.12451,-0.21382,0.26,VRC,2183
47.12256,-0.21319,1.04,VRC,8735
47.12306,-0.21337,0.43,VRC,3612
47.12927,-0.21702,3.84,VRC,32256
47.13096,-0.21672,2.26,TRN,19775
47.13412,-0.21674,1.29,TTH,11197
47.13304,-0.21652,0.55,VRC,4620
47.12599,-0.21611,0.4,BTH,4032
47.12673,-0.21594,0.11,VRC,924
47.1257,-0.21511,0.5,VRC,4199
47.13109,-0.21553,1.58,VRC,13272
47.13388,-0.21516,8.77,ORH,58846
47.12773,-0.21487,1.69,TRN,14787
47.1264,-0.2138,0.66,TRN,5775
47.13056,-0.21443,0.41,VRC,3444
47.13776,-0.21565,5.02,TRN,43925
47.13681,-0.21422,0.01,TRN,87
47.14002,-0.21506,13.36,BTH,134668
47.14206,-0.2148,7.23,MIS,77144
47.11298,-0.21255,0.31,VRC,2603
47.11375,-0.21256,0.58,VRC,4871
47.11456,-0.21273,0.22,VRC,1848
47.11585,-0.21282,0.31,VRC,2603
47.11307,-0.21224,1.16,VRC,9743
47.10993,-0.21159,0.27,VRC,2268
47.10832,-0.21101,5.74,CZH,76456
47.11476,-0.21213,0.71,VRC,5963
47.11326,-0.21136,0.28,VRN,2352
47.11254,-0.21087,1.51,VRC,12684
47.11398,-0.2115,0.28,VRC,2352
47.11562,-0.2114,0.76,VRC,6384
47.11712,-0.21299,1.64,VRC,13776
47.1222,-0.213,0.29,VRC,2435
47.12537,-0.21324,0.29,VRC,2435
47.12264,-0.21261,0.34,VRC,2856
47.12398,-0.21306,0.32,VRC,2687
47.12368,-0.21293,0.02,VRC,167
47.12362,-0.21257,0.18,VRC,1512
47.12476,-0.21291,0.77,VRC,6468
47.11656,-0.21161,1.3,VRC,10920
47.11854,-0.21212,0.39,VRC,3276
47.1194,-0.21177,0.2,VRC,1680
47.12109,-0.21232,1.08,VRC,9072
47.12282,-0.21252,0.05,VRC,420
47.12238,-0.21231,0.74,VRC,6215
47.12348,-0.21228,0.15,VRC,1259
47.12195,-0.21178,0.65,VRC,5460
47.12483,-0.21218,0.19,VRC,1596
47.12458,-0.21214,0.41,VRC,3444
47.11416,-0.21104,0.12,VRC,1008
47.11434,-0.2109,0.05,VRC,420
47.11458,-0.21083,0.23,VRC,1932
47.11341,-0.20944,1.45,MIS,15471
47.11597,-0.21032,0.06,VRC,504
47.11479,-0.21013,1.04,VRC,8735
47.11462,-0.20956,0.4,BTH,4032
47.11808,-0.21121,1.44,VRC,12096
47.11933,-0.21119,0.52,VRC,4367
47.11855,-0.2106,0.13,VRC,1091
47.1207,-0.21108,0.67,VRC,5628
47.1252,-0.21143,0.04,VRC,335
47.12148,-0.21103,0.08,VRC,671
47.1225,-0.21113,0.11,VRC,924
47.12412,-0.2117,1.95,TRN,17062
47.11696,-0.21026,0.17,VRC,1428
47.12588,-0.2108,2.0,TRN,17500
47.1181,-0.21044,2.04,VRC,17136
47.11666,-0.20994,1.16,VRC,9743
47.11996,-0.2106,0.35,VRC,2939
47.11896,-0.21019,0.56,VRC,4704
47.11984,-0.21013,0.17,VRC,1428
47.1218,-0.21079,0.48,VRC,4032
47.1246,-0.21119,0.71,TRN,6212
47.12389,-0.21022,0.12,VRN,1008
47.1334,-0.21296,1.69,BTH,17035
47.12972,-0.2133,3.15,BDH,31752
47.12584,-0.21205,0.35,VRC,2939
47.13477,-0.213,0.53,ORH,3556
47.13587,-0.21413,0.17,BTH,1713
47.13538,-0.2124,1.15,ORH,7716
47.13184,-0.21196,3.87,BDH,39009
47.12726,-0.21155,3.79,TRN,33162
47.12913,-0.21084,2.23,BTH,22478
47.12836,-0.21029,2.03,TRN,17762
47.14229,-0.21227,2.96,CZH,39427
47.13582,-0.21062,4.9,BDH,49391
47.14234,-0.21145,1.58,TRN,13825
47.15172,-0.22513,3.03,VRC,25452
47.14978,-0.2235,3.76,VRC,31584
47.14833,-0.22404,0.71,CZH,9457
47.15168,-0.2241,0.76,VRC,6384
47.15507,-0.22497,0.16,VRC,1343
47.15582,-0.22538,0.54,VRC,4536
47.15524,-0.22512,0.07,VRC,588
47.15732,-0.22522,0.61,VRC,5124
47.15605,-0.2247,0.5,VRC,4199
47.15975,-0.22564,0.2,VRC,1680
47.15959,-0.22513,1.22,VRC,10248
47.16135,-0.22549,0.75,VRC,6300
47.15574,-0.22413,0.72,VRC,6048
47.15668,-0.2241,0.34,VRC,2856
47.15714,-0.22414,0.39,VRC,3276
47.1595,-0.22453,0.63,VRC,5292
47.1614,-0.22468,0.64,VRC,5375
47.16131,-0.22449,0.13,VRC,1091
47.15866,-0.22446,1.74,VRC,14615
47.1469,-0.22305,3.41,MIS,36384
47.14394,-0.22318,8.67,MIS,92508
47.15152,-0.22308,1.2,BTH,12096
47.14889,-0.22241,2.68,CZH,35697
47.16124,-0.22366,1.86,VRC,15623
47.15684,-0.22289,3.87,VRC,32508
47.15477,-0.22226,1.0,VRC,8399
47.16104,-0.22311,0.34,VRC,2856
47.16132,-0.22308,0.2,VRC,1680
47.16054,-0.22314,0.76,VRC,6384
47.1644,-0.22577,0.22,VRC,1848
47.16436,-0.22556,0.21,BTH,2116
47.16591,-0.2258,0.24,VRC,2016
47.16306,-0.22546,2.45,VRC,20580
47.17002,-0.22586,3.69,VRC,30996
47.16426,-0.22477,0.38,BTH,3830
47.16611,-0.22527,1.16,VRC,9743
47.16388,-0.2249,0.1,VRC,840
47.16634,-0.22431,1.46,VRC,12264
47.16996,-0.22493,0.76,VRC,6384
47.16734,-0.22494,0.93,VRC,7811
47.17837,-0.22628,1.12,BTH,11289
47.17752,-0.22528,0.54,BTH,5443
47.16396,-0.2242,1.36,VRC,11424
47.16368,-0.22368,0.5,VRC,4199
47.1651,-0.22362,0.75,VRC,6300
47.1687,-0.22473,1.3,VRC,10920
47.16766,-0.22387,0.21,VRC,1763
47.16582,-0.22343,0.1,VRC,840
47.16678,-0.22321,0.93,VRC,7811
47.16412,-0.22259,1.01,VRC,8484
47.17812,-0.22482,0.46,BTH,4636
47.17948,-0.22508,0.7,TRN,6125
47.18058,-0.22371,3.15,BTH,31752
47.15064,-0.2204,4.91,VRC,41244
47.15698,-0.22165,0.37,VRC,3107
47.15688,-0.22143,0.23,VRC,1932
47.16048,-0.22197,1.61,VRC,13524
47.15696,-0.22095,0.15,VRC,1259
47.15694,-0.22055,0.45,VRC,3780
47.16226,-0.22136,0.29,VRC,2435
47.16218,-0.22114,0.14,VRC,1176
47.16016,-0.22057,0.23,VRC,1932
47.16204,-0.22075,0.71,VRC,5963
47.14858,-0.21988,0.69,VRC,5795
47.15,-0.2194,1.14,VRN,9575
47.14524,-0.21827,11.83,MIS,126226
47.14896,-0.21911,0.54,VRC,4536
47.1566,-0.22038,0.22,VRC,1848
47.15992,-0.22027,0.09,VRN,756
47.16066,-0.2206,1.95,VRC,16379
47.15836,-0.21985,1.08,VRN,9072
47.15988,-0.22015,0.25,VRC,2099
47.16038,-0.21901,0.67,VRC,5628
47.16082,-0.21896,0.63,VRC,5292
47.16666,-0.22254,0.21,VRC,1763
47.16594,-0.22246,0.92,VRC,7728
47.1633,-0.22209,2.82,VRC,23688
47.16504,-0.2221,0.19,VRC,1596
47.1686,-0.22284,1.94,VRC,16296
47.16593,-0.22146,1.53,VRC,12851
47.16562,-0.22107,0.64,VRC,5375
47.16832,-0.22161,0.56,BTH,5644
47.1678,-0.22133,1.09,VRC,9156
47.17038,-0.22192,1.42,VRC,11927
47.17542,-0.22297,10.93,BTH,110174
47.16372,-0.22058,0.65,VRC,5460
47.16332,-0.22038,0.32,VRC,2687
47.16633,-0.2205,0.46,BTH,4636
47.1677,-0.22087,0.4,VRC,3360
47.17046,-0.22102,0.1,VRC,840
47.1694,-0.22088,0.93,VRC,7811
47.16336,-0.21986,0.94,VRC,7895
47.16486,-0.21981,0.56,VRC,4704
47.16646,-0.22006,0.87,VRC,7307
47.16641,-0.21978,0.17,VRC,1428
47.1664,-0.21965,0.31,VRC,2603
47.1663,-0.2195,0.18,BTH,1814
47.16625,-0.21943,0.1,VRC,840
47.16738,-0.21998,0.1,VRC,840
47.17006,-0.22031,1.36,VRC,11424
47.17232,-0.22123,0.91,VRC,7643
47.17202,-0.22079,0.3,VRC,2519
47.17784,-0.22186,6.39,CZH,85114
47.17414,-0.22055,1.0,VRC,8399
47.1738,-0.21994,1.5,VRC,12600
47.18166,-0.22645,8.37,CZH,111488
47.1823,-0.22573,1.99,BTH,20059
47.18316,-0.22572,2.35,BTH,23688
47.18393,-0.22613,0.61,TRN,5337
47.1848,-0.2262,2.65,TRN,23187
47.18616,-0.22587,5.18,ORP,34757
47.19136,-0.22761,0.46,TRN,4025
47.1935,-0.22589,6.38,MIS,68074
47.15644,-0.21608,0.1,VRC,840
47.18798,-0.22468,7.08,SOG,70233
47.1892,-0.22481,0.99,MCR,9820
47.19624,-0.22597,2.33,BTH,23486
47.19652,-0.22491,2.21,BTH,22276
47.20448,-0.22737,13.13,TRN,114887
47.15464,-0.21577,0.3,VRC,2519
47.20066,-0.22704,7.66,BTH,77212
47.21044,-0.22836,1.17,BTH,11793
47.2093,-0.22762,7.17,BTH,72273
47.21605,-0.22897,2.72,VRC,22848
47.21491,-0.22751,0.89,BTH,8971
47.21585,-0.22778,0.47,BTH,4737
47.20756,-0.2266,2.19,BTH,22075
47.21097,-0.22634,0.72,VRC,6048
47.21174,-0.22632,1.15,BTH,11591
47.21323,-0.2263,2.19,BTH,22075
47.18316,-0.22385,3.91,BTH,39412
47.19226,-0.22408,3.82,BTH,38505
47.19804,-0.22364,9.82,BTH,98985
47.1828,-0.22173,1.4,MIS,14937
47.18494,-0.22137,8.79,BTH,88603
47.18274,-0.22113,1.19,BTH,11995
47.18817,-0.22045,9.22,BTH,92937
47.19334,-0.22254,2.7,BTH,27216
47.19553,-0.22301,3.68,MIE,39265
47.20546,-0.22496,5.51,MIS,58791
47.20247,-0.22392,3.11,BTH,31348
47.21136,-0.22458,0.8,VRC,6720
47.21571,-0.22546,0.98,BTH,9878
47.21746,-0.22487,0.39,BTH,3931
47.21481,-0.22431,0.4,VRC,3360
47.21604,-0.22427,1.23,BTH,12398
47.21744,-0.22439,0.34,VRC,2856
47.20056,-0.22263,4.64,MIS,49508
47.20428,-0.22258,3.49,BTH,35179
47.20694,-0.22194,11.3,BTH,113904
47.20932,-0.22228,2.01,BTH,20260
47.21724,-0.22303,0.62,TRN,5425
47.14778,-0.21754,5.38,CZH,71661
47.14927,-0.21774,1.43,VRC,12011
47.15568,-0.21838,2.1,VRC,17640
47.15756,-0.21822,0.47,VRC,3948
47.15782,-0.2188,1.64,BTH,16531
47.1599,-0.21867,0.75,VRC,6300
47.15962,-0.21851,0.33,VRC,2772
47.1565,-0.2178,1.0,VRC,8399
47.15449,-0.21695,4.21,VRC,35364
47.157,-0.21764,0.31,VRC,2603
47.15804,-0.21782,0.1,VRC,840
47.15784,-0.21781,0.2,VRC,1680
47.15876,-0.21801,0.31,VRC,2603
47.1578,-0.21745,0.21,VRC,1763
47.16052,-0.21749,1.09,VRC,9156
47.1611,-0.21769,0.78,VRC,6552
47.14952,-0.21615,0.43,VRC,3612
47.14617,-0.21469,3.91,BTH,39412
47.14795,-0.21516,0.33,VRC,2772
47.15252,-0.21578,0.42,VRC,3527
47.14963,-0.21505,1.26,VRC,10584
47.15761,-0.21698,0.08,VRC,671
47.1562,-0.21666,0.38,VRC,3192
47.15669,-0.21652,0.21,VRC,1763
47.1573,-0.21669,0.83,VRC,6971
47.15938,-0.21739,1.04,VRC,8735
47.15925,-0.21689,0.78,VRC,6552
47.15858,-0.21655,0.55,VRC,4620
47.1594,-0.21647,0.15,VRC,1259
47.1549,-0.21596,0.43,VRC,3612
47.15854,-0.21613,0.16,VRC,1343
47.15848,-0.21593,0.26,VRC,2183
47.16134,-0.21642,0.25,VRC,2099
47.15947,-0.21606,0.62,VRC,5207
47.16094,-0.21617,0.55,VRC,4620
47.16095,-0.21567,0.55,BTH,5544
47.16377,-0.21904,0.52,VRC,4367
47.16593,-0.2188,1.34,VRC,11256
47.16367,-0.21859,0.81,VRC,6804
47.16475,-0.21875,0.07,BTH,705
47.16828,-0.2195,2.31,BTH,23284
47.16999,-0.21933,0.64,VRC,5375
47.16784,-0.21876,0.41,VRC,3444
47.16377,-0.21827,0.35,VRC,2939
47.1632,-0.21801,0.72,VRC,6048
47.16523,-0.21852,0.12,VRC,1008
47.16509,-0.2183,0.66,BTH,6652
47.16299,-0.21733,2.04,VRC,17136
47.16866,-0.21814,0.36,VRC,3024
47.16732,-0.21804,2.37,VRC,19908
47.1695,-0.21859,1.01,VRC,8484
47.18076,-0.21966,14.46,ORH,97026
47.17276,-0.21857,0.45,VRC,3780
47.17268,-0.21814,0.9,VRC,7560
47.17718,-0.2182,2.58,SOG,25593
47.16056,-0.21456,0.35,VRC,2939
47.15548,-0.21428,0.89,VRC,7475
47.17491,-0.2167,2.97,SOG,29462
47.16578,-0.2172,0.87,VRC,7307
47.16753,-0.21729,0.56,VRC,4704
47.16532,-0.21657,0.81,VRC,6804
47.16346,-0.21622,0.26,VRC,2183
47.1674,-0.2169,0.6,VRN,5039
47.1689,-0.21654,1.05,BTH,10584
47.16738,-0.2163,0.68,VRC,5712
47.17236,-0.21708,3.06,VRC,25704
47.17394,-0.21731,0.71,VRC,5963
47.15272,-0.21511,0.27,VRC,2268
47.14584,-0.21338,2.96,TRN,25900
47.14938,-0.21395,0.83,VRC,6971
47.15362,-0.21504,1.91,VRC,16043
47.16028,-0.21532,0.57,VRC,4787
47.15684,-0.21457,2.77,VRC,23268
47.1553,-0.21371,0.28,BTH,2822
47.15776,-0.21418,0.34,VRC,2856
47.16072,-0.21462,0.11,BTH,1108
47.16084,-0.21486,0.19,VRC,1596
47.16155,-0.21485,0.34,VRC,2856
47.15916,-0.21432,0.34,VRC,2856
47.15792,-0.21387,0.19,VRC,1596
47.14447,-0.21159,2.43,CZH,32367
47.15008,-0.21181,1.1,VRC,9240
47.1531,-0.21247,2.48,VRC,20832
47.1584,-0.21294,1.77,VRC,14868
47.1646,-0.21518,0.17,VRC,1428
47.16748,-0.21571,0.62,VRC,5207
47.17007,-0.21582,1.63,VRC,13691
47.17112,-0.21633,1.68,VRC,14111
47.1675,-0.21506,0.71,VRC,5963
47.17133,-0.21547,0.7,VRC,5879
47.1685,-0.21512,0.15,VRC,1259
47.1808,-0.21665,2.71,BTH,27316
47.1738,-0.21496,0.21,VRC,1763
47.17362,-0.21505,0.77,VRN,6468
47.17684,-0.215,8.97,BTH,90417
47.17892,-0.21548,6.26,BTH,63100
47.16795,-0.21426,0.15,VRC,1259
47.1687,-0.21304,1.75,VRC,14700
47.17048,-0.21355,3.08,VRC,25872
47.17438,-0.21455,0.65,BTH,6552
47.1747,-0.21423,0.61,BDH,6148
47.19894,-0.21983,4.12,BTH,41529
47.18292,-0.22021,1.36,BTH,13708
47.18488,-0.21995,1.48,BTH,14918
47.18936,-0.21999,1.78,BTH,17942
47.1902,-0.219,4.78,BTH,48182
47.19496,-0.22052,4.25,BTH,42839
47.19665,-0.2197,5.24,BTH,52819
46.93728,-0.1949,0.55,TTH,4774
47.18294,-0.21714,1.66,MIS,17712
47.19526,-0.2177,3.27,BTH,32961
47.20322,-0.2209,2.3,MIS,24541
47.20118,-0.22036,0.36,MIS,3841
47.20276,-0.22,1.86,MIS,19846
47.20493,-0.21828,3.74,BTH,37699
47.18413,-0.21712,8.4,TRN,73500
47.18604,-0.21602,2.8,TRN,24500
47.19366,-0.21686,2.24,MIS,23900
47.19893,-0.21785,0.93,MIS,9923
47.1899,-0.21652,14.31,TRN,125212
47.19474,-0.21569,0.75,MIS,8002
47.19886,-0.21711,0.8,MIS,8536
47.19516,-0.21653,0.62,MIE,6615
47.19552,-0.21528,1.02,MIE,10883
47.19816,-0.21569,5.49,BTH,55339
47.19412,-0.21439,1.15,BTH,11591
47.20204,-0.21834,2.32,TRN,20300
47.20166,-0.21591,4.46,BTH,44956
46.92794,-0.1977,2.6,BTH,26208
46.92684,-0.19712,1.83,BTH,18446
46.93876,-0.19787,12.11,ORH,81258
46.93653,-0.19826,4.95,TTH,42966
46.94071,-0.19829,1.89,MIS,20166
46.93526,-0.19707,3.8,ORH,25498
46.93668,-0.19566,2.3,TTH,19964
46.9427,-0.19879,1.15,MIS,12270
46.94208,-0.19861,1.23,TRN,10762
46.95422,-0.19898,1.78,BTH,17942
46.95714,-0.19991,2.08,BTH,20966
46.95201,-0.19875,6.54,TTH,56767
46.9559,-0.19876,1.94,BTH,19555
46.9462,-0.19689,2.8,TRN,24500
46.9504,-0.19688,4.19,ORH,28114
46.95508,-0.19824,0.57,CZH,7592
46.95712,-0.19736,2.95,CZH,39294
46.95866,-0.19739,1.39,BTH,14011
46.9348,-0.19523,1.01,TTH,8766
46.93456,-0.19454,0.84,BTH,8467
46.93306,-0.19453,9.73,ORH,65288
46.94068,-0.19371,0.69,TRN,6037
46.93858,-0.19316,8.07,TTH,70047
46.93946,-0.19281,0.24,ORP,1610
46.94219,-0.19542,8.36,TRN,73149
46.94406,-0.19366,4.42,BTH,44553
46.96178,-0.19979,3.44,BTH,34675
46.97243,-0.20047,0.07,FLA,1400
46.9615,-0.19759,1.9,BTH,19152
46.96236,-0.19743,0.12,BTH,1209
46.97291,-0.19893,0.06,VRG,495
46.97236,-0.19839,0.58,VRC,4871
46.9909,-0.20207,3.0,ORH,20130
46.96078,-0.197,1.02,BTH,10281
46.96332,-0.1968,1.23,CZH,16383
46.97518,-0.19741,1.19,BTH,11995
46.96263,-0.19513,2.79,TTH,24217
46.97564,-0.19496,3.29,BTH,33163
46.98629,-0.19559,1.98,BTH,19958
46.99302,-0.19614,1.34,ORH,8991
46.925,-0.19044,3.99,MIE,42573
46.93914,-0.19241,0.85,TRN,7437
46.94054,-0.19061,2.37,ORP,15902
46.94138,-0.19013,3.6,ORP,24156
46.93902,-0.19,1.08,TRN,9450
46.9352,-0.18876,5.78,CZH,76989
46.97815,-0.19197,1.85,BTH,18648
46.94534,-0.19062,1.27,BTH,12801
46.93956,-0.18864,1.2,ORP,8052
46.93848,-0.18806,2.29,TRN,20037
46.93508,-0.18732,0.59,BTH,5947
46.93772,-0.18712,1.63,BTH,16430
46.93489,-0.18634,1.09,BTH,10987
46.94034,-0.18803,2.14,TRN,18725
46.9428,-0.18834,3.93,TTH,34112
46.95869,-0.19008,1.04,ORH,6978
46.94482,-0.18598,7.94,TTH,68919
46.9427,-0.18629,3.13,TTH,27168
46.98141,-0.19299,4.45,TRN,38937
46.95784,-0.18846,2.06,ORH,13822
46.95734,-0.18765,1.59,ORH,10668
46.95641,-0.18674,3.75,ORH,25162
46.96512,-0.19328,3.65,TTH,31682
46.9771,-0.19348,0.9,ORH,6039
46.96462,-0.19183,4.62,CZH,61538
46.97748,-0.19203,2.09,CZH,27838
46.9848,-0.19444,2.45,BDH,24696
46.97845,-0.19286,1.56,CZH,20779
46.99261,-0.19402,2.25,ORH,15097
46.98606,-0.19163,5.81,CZH,77389
46.98736,-0.19374,1.89,BTH,19051
46.99087,-0.19251,1.54,ORH,10333
46.99598,-0.19199,6.88,ORH,46164
46.99582,-0.18922,3.68,CZH,49017
47.02068,-0.20326,0.88,TRN,7700
46.94474,-0.17286,0.63,TTH,5468
46.97744,-0.18993,0.71,BTH,7156
46.97724,-0.18924,0.8,BDH,8064
46.98042,-0.19094,3.72,CZH,49550
46.98196,-0.19003,2.16,TRN,18900
46.97897,-0.18987,3.05,BTH,30744
46.9921,-0.19112,1.35,ORH,9058
46.98077,-0.18921,0.98,BTH,9878
47.0302,-0.19822,5.32,BTH,53625
47.0229,-0.20289,1.37,TRN,11987
47.03048,-0.20295,3.82,BTH,38505
47.02392,-0.20135,3.3,BTH,33263
47.00327,-0.19524,13.37,BTH,134769
47.02156,-0.20034,7.24,MIS,77250
47.02628,-0.19991,8.68,TRN,75950
47.01566,-0.19769,1.8,BTH,18144
47.019,-0.19814,0.72,BTH,7257
47.02284,-0.19818,3.09,BTH,31147
47.02788,-0.19808,8.94,TRN,78225
47.0377,-0.20482,2.59,TRN,22662
47.05052,-0.206,4.7,TRN,41125
47.04572,-0.20409,2.52,ORP,16909
47.04138,-0.20379,16.09,BTH,162187
47.04954,-0.20425,4.27,BTH,43041
47.05986,-0.20576,4.75,BTH,47880
47.06696,-0.20639,2.54,ORH,17043
47.06472,-0.20506,13.14,BTH,132451
47.05271,-0.20325,4.34,VRC,36455
47.05423,-0.20307,0.92,VRC,7728
47.05396,-0.20298,1.27,VRC,10668
47.0631,-0.20355,1.78,TRN,15575
47.04287,-0.20161,4.89,BTH,49291
47.04855,-0.2019,0.11,FLA,2200
47.0478,-0.20141,2.62,ORP,17580
47.04909,-0.20103,0.39,FLA,7800
47.0597,-0.20018,1.67,CZH,22244
47.05132,-0.20061,5.23,BTH,52718
47.03936,-0.1993,0.82,BTH,8265
47.04191,-0.19906,0.7,MIS,7468
47.04605,-0.2,0.64,ORP,4294
47.0493,-0.19968,1.33,BTH,13406
47.04386,-0.19897,2.07,MIS,22086
47.0452,-0.1992,3.78,MIS,40332
47.05645,-0.20246,1.3,MIS,13871
47.05492,-0.20198,0.41,VRC,3444
47.05924,-0.20285,0.52,TRN,4550
47.05714,-0.20148,1.26,TTH,10936
47.06044,-0.20124,0.58,TRN,5075
47.06278,-0.20274,0.3,TRN,2625
47.06968,-0.20195,6.3,SOG,62496
47.06395,-0.20155,1.1,TRN,9625
47.06138,-0.20001,0.92,TRN,8050
47.00857,-0.19628,4.17,ORH,27980
47.01188,-0.19643,2.16,BTH,21772
47.00532,-0.19385,2.77,TRN,24237
47.01523,-0.19565,4.37,BTH,44049
47.03236,-0.19628,14.55,TRN,127312
47.0214,-0.19552,15.15,BTH,152712
47.01678,-0.19472,4.03,ORP,27041
47.0242,-0.19465,2.17,BTH,21873
47.03075,-0.19551,0.34,BTH,3427
47.0266,-0.195,0.81,BTH,8164
47.03107,-0.19488,0.54,TRN,4725
47.00678,-0.19336,5.75,BTH,57959
47.0084,-0.19369,0.47,BTH,4737
47.0085,-0.19184,5.23,CZH,69663
47.00144,-0.19046,18.24,BTH,183859
46.99833,-0.19027,0.98,BTH,9878
47.00936,-0.19118,2.66,BTH,26812
47.01643,-0.19237,1.23,PTC,14464
47.01627,-0.19193,0.37,TRN,3237
47.02826,-0.19313,5.72,BTH,57657
47.03388,-0.19443,2.55,TRN,22312
47.03142,-0.19294,2.49,ORH,16707
47.0206,-0.19247,9.09,BTH,91627
47.0164,-0.18995,4.59,TRN,40162
47.01804,-0.19084,10.44,BTH,105235
47.03892,-0.19708,1.65,CZH,21978
47.0494,-0.19815,1.83,MIS,19526
47.0403,-0.19581,0.75,CZH,9990
47.0425,-0.19588,6.49,TRN,56787
47.05714,-0.199,0.74,VRC,6215
47.06007,-0.1994,1.52,MIS,16218
47.05837,-0.19778,0.31,VRC,2603
47.05937,-0.19877,1.48,VRC,12431
47.06646,-0.19919,2.46,MIE,26248
47.06918,-0.20006,3.36,BTH,33868
47.05474,-0.19644,12.48,BTH,125798
47.06001,-0.19646,0.23,VRC,1932
47.06217,-0.19751,5.55,CZH,73926
47.0697,-0.19645,3.43,CZH,45687
47.03662,-0.1935,5.41,TRN,47337
47.04016,-0.19319,5.78,CZH,76989
47.04987,-0.19489,6.84,BTH,68947
47.04152,-0.19275,6.4,TRN,56000
47.0458,-0.19187,21.87,TRN,191362
47.05198,-0.1937,12.81,BTH,129124
47.05741,-0.1953,1.36,BTH,13708
47.06132,-0.19491,1.99,MIS,21233
47.06615,-0.19612,10.08,MIS,107553
47.06822,-0.1942,1.63,MIS,17392
46.92422,-0.18431,2.42,BTH,24393
46.93921,-0.18561,5.51,TRN,48212
46.9334,-0.18426,6.06,BTH,61084
46.93553,-0.18264,8.32,CZH,110822
46.94238,-0.18468,1.99,TTH,17273
46.95041,-0.18483,0.18,TTH,1562
46.95537,-0.18604,1.51,ORH,10132
46.94235,-0.18409,0.95,TTH,8245
46.94689,-0.1842,1.02,TTH,8853
46.94252,-0.18242,3.4,TTH,29512
46.94416,-0.18228,2.6,TTH,22568
46.94594,-0.18299,2.4,TTH,20832
46.95601,-0.18461,1.05,ORH,7045
46.95325,-0.18346,1.18,TTH,10242
46.92585,-0.18119,0.45,BTH,4536
46.92752,-0.18213,4.84,BTH,48787
46.93344,-0.1804,8.95,BTH,90216
46.93907,-0.18028,11.2,MIE,119504
46.92664,-0.17861,2.12,ORH,14225
46.93728,-0.17991,2.96,BTH,29836
46.9332,-0.17857,1.97,TRN,17237
46.94196,-0.17897,1.43,TTH,12412
46.94821,-0.18233,0.87,TTH,7551
46.95793,-0.183,16.32,ORH,109507
46.94524,-0.18062,4.26,TTH,36976
46.94899,-0.18087,13.57,TTH,117787
46.94296,-0.1793,0.95,TTH,8245
46.94712,-0.1798,3.23,TTH,28036
46.97109,-0.18663,2.42,BTH,24393
46.97031,-0.18472,2.03,BTH,20462
46.98685,-0.1878,0.71,CZH,9457
46.99085,-0.18749,9.75,CZH,129870
46.97982,-0.18619,14.94,BTH,150595
46.99202,-0.18543,1.18,CZH,15717
46.96084,-0.18316,1.98,ORH,13285
46.97662,-0.18354,14.21,TRN,124337
46.96076,-0.18044,4.21,ORH,28249
46.96474,-0.18087,0.93,ORH,6240
46.98563,-0.18687,12.36,CZH,164635
46.98839,-0.18217,11.75,CZH,156510
46.99011,-0.18314,13.2,TRN,115500
46.9956,-0.18327,2.61,BTH,26308
46.93171,-0.17723,1.01,MIS,10776
46.93548,-0.17851,2.38,ORH,15969
46.93114,-0.17644,0.86,MIS,9176
46.92948,-0.17569,4.0,ORH,26840
46.93723,-0.17658,1.83,ORH,12279
46.94204,-0.1777,4.37,TTH,37931
46.9433,-0.1783,0.5,TTH,4340
46.93208,-0.17438,0.92,MIS,9816
46.93506,-0.17432,1.77,BTH,17841
46.95913,-0.179,2.35,ORH,15768
46.94912,-0.17635,4.41,TTH,38278
46.9516,-0.17687,2.55,MIS,27208
46.92848,-0.17407,7.25,ORH,48647
46.93683,-0.17411,4.3,BTH,43344
46.926,-0.17223,1.68,BTH,16934
46.93092,-0.17291,1.46,ORH,9796
46.92763,-0.17232,2.83,ORH,18989
46.93226,-0.17219,0.97,BTH,9777
46.93759,-0.17206,4.84,BTH,48787
46.94018,-0.17205,7.86,TRN,68775
46.9438,-0.175,2.29,TTH,19877
46.9572,-0.17704,8.3,ORH,55693
46.95129,-0.1748,2.59,MIS,27635
46.95906,-0.17567,9.57,ORH,64214
46.94279,-0.17451,2.68,TTH,23262
46.94488,-0.17354,0.61,TTH,5294
46.96922,-0.17916,1.51,TRN,13212
46.97368,-0.18096,1.06,CZH,14119
46.97116,-0.17997,5.45,ORH,36569
46.97562,-0.17949,2.11,TRN,18462
46.96228,-0.17905,11.55,TRN,101062
46.97844,-0.17923,3.17,CZH,42224
46.97574,-0.17772,5.21,ORH,34959
46.98752,-0.17919,9.38,BDH,94550
46.98236,-0.17985,1.11,CZH,14785
46.98565,-0.17948,3.45,CZH,45954
46.9851,-0.17767,3.1,CZH,41292
46.99301,-0.17864,18.0,TRN,157500
46.97003,-0.17666,9.16,BTH,92332
46.97247,-0.17667,5.63,BTH,56750
46.97558,-0.17655,2.13,TRN,18637
46.97882,-0.17746,4.41,CZH,58741
46.96486,-0.17486,4.34,TRN,37975
46.9696,-0.17496,1.41,ORH,9461
46.96713,-0.17417,2.78,TRN,24325
46.97872,-0.17595,1.18,CZH,15717
46.97578,-0.17557,2.23,ORH,14963
46.97492,-0.17509,0.84,TRN,7350
46.98299,-0.17768,2.39,CZH,31834
46.98178,-0.17732,4.02,CZH,53546
46.9814,-0.17544,2.32,CZH,30902
46.99972,-0.18817,3.72,TRN,32550
47.00667,-0.18851,11.38,BTH,114710
46.99761,-0.18536,7.35,BTH,74088
47.00585,-0.18588,17.01,TRN,148837
47.03222,-0.19077,9.63,BTH,97070
47.01626,-0.18827,0.76,BTH,7660
47.00196,-0.18474,6.99,CZH,93106
46.99894,-0.18358,3.94,BTH,39715
47.00334,-0.18329,1.48,MIS,15791
47.00455,-0.18329,1.35,TRN,11812
47.0061,-0.18326,1.67,BTH,16833
47.00896,-0.183,4.42,TRN,38675
47.01654,-0.18573,1.64,CZH,21844
47.0181,-0.18557,1.6,CZH,21312
47.02148,-0.18613,3.77,CZH,50216
47.04304,-0.18872,1.44,ORP,9662
47.02534,-0.18694,2.06,BTH,20764
47.01978,-0.18409,5.05,BDH,50904
47.0176,-0.18428,0.98,BTH,9878
47.03732,-0.19092,2.53,BTH,25502
47.03534,-0.18898,9.34,BTH,94147
47.04347,-0.19044,2.51,BTH,25300
47.04848,-0.19146,2.91,TRN,25462
47.04568,-0.18971,0.26,TRN,2275
47.05774,-0.1916,5.87,BTH,59169
47.05632,-0.19098,2.96,BTH,29836
47.06598,-0.1924,2.14,BTH,21571
47.0691,-0.18958,9.75,BTH,98280
47.04436,-0.18751,0.4,TRN,3500
47.0364,-0.1858,20.73,BTH,208958
47.05584,-0.18912,1.24,BTH,12499
47.05634,-0.1889,0.17,VRC,1428
47.05724,-0.18852,0.76,BTH,7660
47.05432,-0.18714,1.92,CZH,25574
47.06283,-0.18748,4.45,BTH,44855
47.0702,-0.18757,0.49,BTH,4939
47.06811,-0.18661,3.69,BTH,37195
47.00594,-0.18176,3.18,TRN,27825
46.99904,-0.18194,6.24,BTH,62899
47.01561,-0.18238,0.55,MIS,5868
47.01244,-0.18205,1.26,BTH,12700
47.00334,-0.18112,4.44,BTH,44755
47.00472,-0.18048,1.23,MIS,13124
47.00178,-0.17956,17.61,BTH,177508
47.00424,-0.17925,1.47,BTH,14817
47.00742,-0.18113,4.72,BTH,47577
47.0138,-0.18134,1.46,MCR,14483
47.0147,-0.18098,0.57,ORP,3824
47.0102,-0.18088,2.17,BDH,21873
47.00824,-0.17894,2.85,TRN,24937
47.02244,-0.18231,5.23,BDH,52718
47.02869,-0.18358,5.26,TRN,46024
47.01297,-0.17751,1.34,ORP,8991
47.04682,-0.18043,6.84,BTH,68947
47.02639,-0.18265,10.32,BTH,104025
47.01749,-0.1814,1.78,CZH,23709
47.02743,-0.18224,2.33,MIS,24861
47.0307,-0.18227,10.7,BTH,107856
47.03364,-0.18144,9.91,TRN,86712
46.9992,-0.17772,2.82,BTH,28425
47.00545,-0.17852,7.74,CZH,103096
47.01547,-0.17916,9.58,ORH,64281
47.00228,-0.17587,2.43,MIS,25928
47.00933,-0.17586,19.88,MIS,212119
47.01466,-0.17619,3.5,BTH,35279
47.0164,-0.18016,2.03,BDH,20462
47.02104,-0.17973,8.25,BTH,83160
47.01848,-0.17942,6.85,BTH,69048
47.02558,-0.17967,6.06,BTH,61084
47.02712,-0.18034,2.19,BTH,22075
47.02908,-0.17966,3.97,BTH,40017
47.06668,-0.18283,5.13,TRN,44887
47.03296,-0.17943,3.95,BTH,39816
47.02,-0.17626,5.44,BTH,54835
47.02446,-0.17598,12.17,BTH,122673
47.0281,-0.17805,1.35,BTH,13608
47.03612,-0.17958,2.49,TRN,21787
47.0507,-0.1822,6.1,ORH,40931
47.04132,-0.18513,26.74,ORH,179425
47.04582,-0.18553,3.08,ORH,20666
47.03713,-0.18219,3.62,BTH,36489
47.03864,-0.18183,2.42,BTH,24393
47.0395,-0.18229,2.61,MIS,27848
47.05829,-0.1853,0.72,BTH,7257
47.05887,-0.18462,0.56,BTH,5644
47.06045,-0.18452,2.72,BTH,27417
47.05842,-0.18401,0.77,BTH,7761
47.06993,-0.18574,1.21,BTH,12196
47.06862,-0.1845,6.54,BTH,65923
47.03659,-0.17859,1.96,BTH,19756
47.03779,-0.17928,4.03,TRN,35262
47.04202,-0.17887,13.49,CZH,179686
47.03996,-0.17886,4.97,MIS,53029
47.04904,-0.17953,2.7,BTH,27216
47.05274,-0.17965,1.76,TRN,15400
47.05609,-0.18242,1.6,ORH,10736
47.05817,-0.18121,0.98,BTH,9878
47.06018,-0.18148,4.72,TRN,41300
47.05458,-0.18067,1.8,ORH,12078
47.05522,-0.17986,1.33,CZH,17715
47.05748,-0.17963,2.93,BTH,29534
47.06853,-0.18131,5.83,TRN,51012
47.07113,-0.20622,14.49,BTH,146059
47.08308,-0.20717,1.1,ORH,7381
47.08337,-0.20672,0.21,BTH,2116
47.0845,-0.20648,3.25,BTH,32760
47.08416,-0.20647,1.0,BTH,10080
47.08616,-0.20651,2.53,TRN,22137
47.0835,-0.20441,0.65,MIS,6935
47.08544,-0.20453,2.97,BTH,29937
47.08924,-0.20361,6.98,TRN,61075
47.10391,-0.2086,2.57,TRN,22487
47.10557,-0.20844,0.2,VRC,1680
47.10725,-0.20829,0.66,BTH,6652
47.10082,-0.20776,3.25,ORH,21807
47.10274,-0.20733,2.04,BTH,20563
47.10568,-0.20772,1.0,TTH,8680
47.08977,-0.20536,4.9,BTH,49391
47.09454,-0.20683,0.73,BTH,7358
47.10216,-0.20629,1.4,MIS,14937
47.10592,-0.2072,0.08,TTH,694
47.1061,-0.20709,0.26,VRC,2183
47.1046,-0.20607,1.45,BTH,14615
47.09845,-0.20624,4.91,BTH,49492
47.07599,-0.20235,6.38,BTH,64310
47.07876,-0.20271,0.6,MIS,6402
47.0844,-0.20397,0.98,BTH,9878
47.07888,-0.20231,0.02,MIS,213
47.07906,-0.20215,0.67,VRC,5628
47.07198,-0.20056,9.66,ORH,64818
47.0861,-0.20207,3.02,BTH,30441
47.08376,-0.20178,4.11,BTH,41428
47.10244,-0.20582,4.72,MIS,50362
47.10566,-0.20548,2.05,TRN,17937
47.10715,-0.20455,0.57,TRN,4987
47.10454,-0.2038,0.67,CZH,8924
47.10538,-0.20417,0.98,TRN,8575
47.09147,-0.20301,1.9,MIE,20273
47.11824,-0.20836,0.66,VRN,5544
47.09339,-0.20236,1.57,MIS,16751
47.09749,-0.2023,6.35,CZH,84582
47.10578,-0.20352,0.25,ORH,1677
47.10682,-0.20375,1.89,TRN,16537
47.10203,-0.20285,7.15,ORH,47976
47.10624,-0.20253,1.41,ORH,9461
47.11009,-0.20863,0.97,BTH,9777
47.1113,-0.20916,4.65,MIS,49615
47.11496,-0.20914,0.92,VRC,7728
47.11592,-0.20883,1.68,VRC,14111
47.11618,-0.20821,0.58,VRC,4871
47.1193,-0.20939,0.28,VRC,2352
47.12016,-0.20948,0.38,VRC,3192
47.11904,-0.20896,0.63,VRC,5292
47.12073,-0.20926,0.74,VRC,6215
47.12258,-0.20988,1.12,VRC,9408
47.1235,-0.20941,1.35,TRN,11812
47.11748,-0.20884,0.4,VRC,3360
47.12128,-0.20915,3.3,TRN,28875
47.10734,-0.2071,0.5,TRN,4375
47.11073,-0.207,0.68,VRC,5712
47.11462,-0.20788,0.14,VRC,1176
47.11521,-0.20771,0.3,VRC,2519
47.10771,-0.20653,0.51,VRC,4284
47.10853,-0.20638,2.98,BTH,30038
47.11044,-0.20673,0.7,VRC,5879
47.11008,-0.20577,1.06,BTH,10684
47.11568,-0.20638,0.23,VRN,1932
47.11684,-0.20797,0.86,VRC,7223
47.11982,-0.20778,1.09,VRC,9156
47.11762,-0.2071,2.29,VRC,19236
47.12493,-0.20813,4.32,BTH,43545
47.11654,-0.20679,1.46,VRC,12264
47.12043,-0.20648,0.56,VRC,4704
47.12368,-0.20734,1.03,BTH,10382
47.13019,-0.21021,1.84,CZH,24508
47.12572,-0.20962,1.03,BTH,10382
47.13642,-0.20917,5.01,BDH,50500
47.13778,-0.20946,4.48,BDH,45158
47.14134,-0.21044,2.77,TRN,24237
47.13486,-0.20946,0.99,BDH,9979
47.12878,-0.20886,2.03,TRN,17762
47.13065,-0.20856,7.35,BTH,74088
47.12836,-0.20671,2.18,MIS,23260
47.14403,-0.20943,1.92,BTH,19353
47.11195,-0.20613,2.53,VRC,21252
47.10954,-0.20457,0.69,VRC,5795
47.1087,-0.2041,1.12,ORH,7515
47.11226,-0.20504,2.32,VRC,19488
47.12258,-0.20608,1.94,TRN,16974
47.122,-0.20537,2.1,BTH,21168
47.1253,-0.20595,1.16,MIE,12377
47.12062,-0.20487,1.26,TRN,11025
47.12138,-0.20488,1.24,CZH,16516
47.10798,-0.20334,0.08,VRC,671
47.11254,-0.20368,1.24,VRC,10415
47.1135,-0.20373,1.55,VRC,13020
47.10912,-0.20239,0.76,VRC,6384
47.11479,-0.20343,2.0,VRC,16799
47.11629,-0.20343,1.72,VRC,14447
47.11384,-0.203,0.78,VRC,6552
47.12944,-0.2071,1.85,CZH,24642
47.13243,-0.20806,4.92,CZH,65534
47.13443,-0.20759,3.65,BDH,36792
47.128,-0.20492,4.02,MCR,39878
47.14218,-0.20728,1.12,BTH,11289
47.14342,-0.20738,1.82,BTH,18345
47.13579,-0.20614,2.07,BDH,20865
47.14136,-0.2068,1.72,TRN,15049
47.12711,-0.20392,7.78,CZH,103629
47.12586,-0.20403,1.77,BTH,17841
47.13018,-0.20465,1.5,BTH,15120
47.13378,-0.2042,1.32,MIE,14084
47.14034,-0.20569,4.18,BTH,42134
47.1403,-0.20405,2.27,BTH,22881
47.07392,-0.19951,2.54,ORH,17043
47.07636,-0.19933,1.99,PTC,23402
47.08582,-0.20074,3.41,TRN,29837
47.07122,-0.19689,6.82,TRN,59675
47.09576,-0.20005,2.4,BTH,24192
47.10216,-0.20086,3.21,CZH,42757
47.10028,-0.20128,4.17,MIS,44493
47.10477,-0.20234,2.93,CZH,39027
47.10714,-0.20103,1.85,BTH,18648
47.10562,-0.19965,3.34,ORH,22411
47.09204,-0.19592,1.02,BTN,26224
47.10008,-0.1982,5.67,MIS,60498
47.10285,-0.19841,4.1,BTH,41327
47.10746,-0.19922,1.1,CZH,14652
47.0731,-0.19626,0.13,VRC,1091
47.07548,-0.19534,4.28,MIS,45667
47.07321,-0.19375,0.6,MIS,6402
47.08494,-0.19549,7.25,MIS,77357
47.08877,-0.19773,11.62,MIS,123985
47.09714,-0.19621,1.24,BTH,12499
47.09965,-0.19634,2.68,BTH,27014
47.10656,-0.19764,5.52,MLG,17663
47.10826,-0.20254,0.6,VRC,5039
47.11131,-0.20234,0.83,VRC,6971
47.11421,-0.20228,0.78,VRC,6552
47.11253,-0.20219,1.0,VRC,8399
47.11461,-0.20178,0.1,VRC,840
47.11524,-0.20205,0.32,VRN,2687
47.11033,-0.20163,1.96,CZH,26107
47.11128,-0.20155,0.07,VRC,588
47.11152,-0.20153,1.09,VRC,9156
47.11471,-0.20178,0.14,VRC,1176
47.11492,-0.20188,0.24,VRN,2016
47.12287,-0.2023,5.37,BDH,54129
47.1245,-0.20147,3.22,BTH,32457
47.11814,-0.20205,0.92,VRC,7728
47.11912,-0.20197,0.07,VRC,588
47.11766,-0.20163,0.37,VRC,3107
47.10902,-0.20061,2.82,BTH,28425
47.10779,-0.20025,1.44,CZH,19180
47.11096,-0.20036,0.92,VRC,7728
47.11156,-0.20011,0.5,VRC,4199
47.11576,-0.20107,0.71,VRC,5963
47.1143,-0.20069,4.36,BTH,43948
47.10736,-0.19984,0.37,VRC,3107
47.1117,-0.19958,0.81,CZH,10789
47.11258,-0.20017,0.71,VRC,5963
47.11302,-0.19927,1.3,VRC,10920
47.11864,-0.20019,1.45,VRC,12179
47.13056,-0.20275,2.75,BTH,27720
47.12697,-0.20132,2.05,TRN,17937
47.1324,-0.20231,3.3,MIS,35211
47.1143,-0.19848,1.29,VRC,10836
47.13355,-0.2015,2.47,CZH,32900
47.14184,-0.20387,0.87,BTH,8769
47.14393,-0.2037,8.83,BTH,89006
47.14214,-0.20365,0.14,BTH,1411
47.14004,-0.2032,1.15,BTH,11591
47.13164,-0.20165,0.6,BTH,6048
47.13471,-0.20184,0.42,VRC,3527
47.13978,-0.20142,5.5,ORP,36905
47.14172,-0.20107,3.65,BTH,36792
47.10828,-0.19872,1.39,CZH,18514
47.10943,-0.19824,0.69,BTH,6955
47.11046,-0.19855,2.48,MIS,26461
47.11363,-0.19901,0.36,VRN,3024
47.11319,-0.19873,0.33,ORH,2214
47.11635,-0.19947,3.43,BTH,34574
47.11224,-0.19814,1.16,ORP,7783
47.1193,-0.1988,0.08,VRC,671
47.12278,-0.19949,3.47,BTH,34977
47.1179,-0.19831,2.19,VRC,18396
47.12147,-0.19855,1.51,ORH,10132
47.1256,-0.19855,6.02,MIS,64233
47.10912,-0.19763,2.31,CZH,30769
47.1114,-0.19731,1.39,MIS,14831
47.11374,-0.19727,2.47,CZH,32900
47.11528,-0.19742,2.25,CZH,29970
47.10977,-0.19615,1.51,BTH,15220
47.10837,-0.19582,1.07,TRN,9362
47.12042,-0.19833,3.33,BTH,33566
47.11852,-0.19748,2.24,ORH,15030
47.12364,-0.19757,1.16,BTH,11692
47.12039,-0.19694,5.19,TRN,45412
47.119,-0.19644,0.28,CZH,3729
47.12724,-0.19925,2.37,MIS,25287
47.13904,-0.1998,2.77,ORP,18586
47.12863,-0.19671,0.63,MIS,6722
47.1315,-0.19787,1.59,MCR,15772
47.13717,-0.19874,1.07,BTH,10785
47.13898,-0.1986,0.75,MCR,7440
47.14068,-0.19898,5.5,MIE,58684
47.14522,-0.21096,0.66,BTH,6652
47.14644,-0.21011,1.37,TRN,11987
47.15126,-0.21148,0.81,VRC,6804
47.14978,-0.21109,0.17,VRC,1428
47.14888,-0.21081,0.53,VRC,4452
47.15134,-0.21087,1.29,VRC,10836
47.15106,-0.21002,0.98,VRC,8232
47.15215,-0.21035,0.9,TRN,7875
47.15373,-0.21102,2.16,VRC,18144
47.16037,-0.21211,0.68,VRC,5712
47.15938,-0.21173,1.69,VRC,14196
47.16115,-0.2114,0.74,VRC,6215
47.16024,-0.21112,0.26,VRC,2183
47.1594,-0.21072,0.5,VRC,4199
47.14864,-0.20972,0.26,VRC,2183
47.15045,-0.20953,0.51,VRC,4284
47.14607,-0.20873,3.9,TRN,34125
47.14752,-0.20849,1.24,VRC,10415
47.14878,-0.20949,3.79,TRN,33162
47.14995,-0.20848,0.87,ORP,5837
47.1518,-0.20953,1.24,VRC,10415
47.16254,-0.21031,0.38,VRC,3192
47.15959,-0.20918,1.78,VRC,14951
47.16204,-0.20921,1.82,BTH,18345
47.16096,-0.20947,2.76,VRC,23184
47.16885,-0.21097,0.8,VRC,6720
47.18012,-0.21308,0.37,TRN,3237
47.1628,-0.21013,0.34,VRC,2856
47.16973,-0.21082,1.28,BTH,12902
47.16955,-0.21042,0.4,BTH,4032
47.16734,-0.21028,0.33,VRC,2772
47.16905,-0.21026,0.13,VRC,1091
47.1692,-0.20991,0.9,VRC,7560
47.17206,-0.21094,1.34,ORH,8991
47.17383,-0.21086,2.11,TRN,18462
47.17938,-0.21155,0.85,BTH,8568
47.17965,-0.21159,0.74,BDH,7459
47.1807,-0.21128,1.34,BTH,13507
47.1475,-0.20755,0.49,VRC,4116
47.152,-0.208,4.79,ORP,32140
47.1447,-0.20682,2.94,BTH,29635
47.149,-0.20684,1.75,BTH,17639
47.15446,-0.20704,0.2,VRC,1680
47.15896,-0.20791,4.28,VRC,35952
47.14606,-0.20613,2.04,BTH,20563
47.14666,-0.20589,0.45,ORP,3019
47.1475,-0.20561,1.67,TRN,14612
47.15096,-0.20618,0.12,VRC,1008
47.15128,-0.2062,0.75,VRC,6300
47.15146,-0.20588,0.34,VRC,2856
47.15217,-0.20599,0.1,VRC,840
47.15314,-0.20625,0.78,VRC,6552
47.15166,-0.20575,0.41,VRC,3444
47.14938,-0.20541,0.42,VRC,3527
47.15183,-0.20559,0.08,VRC,671
47.15193,-0.20545,0.15,VRC,1259
47.1529,-0.20547,0.4,VRC,3360
47.15152,-0.20507,5.03,VRC,42251
47.15412,-0.20641,0.41,VRC,3444
47.1561,-0.20675,3.74,VRC,31416
47.1542,-0.20594,0.25,VRC,2099
47.16142,-0.20691,4.7,VRC,39480
47.15366,-0.20521,0.89,ORH,5971
47.15428,-0.20498,0.46,TRN,4025
47.16042,-0.20595,0.85,VRC,7139
47.15914,-0.20575,0.55,VRC,4620
47.15901,-0.20547,0.26,VRN,2183
47.16466,-0.20897,0.33,VRC,2772
47.16343,-0.20907,0.78,VRC,6552
47.16473,-0.20866,0.19,VRC,1596
47.16516,-0.20844,0.41,VRC,3444
47.16918,-0.20928,0.28,VRC,2352
47.17098,-0.209,0.31,BTH,3124
47.17064,-0.20877,0.19,BTH,1915
47.16286,-0.2077,0.97,VRC,8148
47.16808,-0.20827,0.58,VRC,4871
47.17771,-0.21027,8.66,BTH,87292
47.17866,-0.20929,3.42,VRC,28728
47.16452,-0.20716,2.46,BTH,24796
47.17088,-0.20737,1.07,ORH,7179
47.17383,-0.20803,4.65,TRN,40687
47.1793,-0.20809,0.76,VRC,6384
47.17998,-0.20771,0.96,VRC,8064
47.18436,-0.21289,8.4,BDH,84672
47.18642,-0.21238,5.56,BTH,56044
47.19386,-0.213,0.59,BTH,5947
47.18354,-0.21163,0.87,MIS,9282
47.18775,-0.21133,1.06,BTH,10684
47.18846,-0.21124,3.54,BDH,35683
47.18124,-0.20995,3.58,BDH,36086
47.18237,-0.21026,0.2,TRN,1750
47.18998,-0.21165,6.59,BTH,66427
47.19164,-0.21095,1.37,BTH,13809
47.1921,-0.21185,0.15,VRN,1259
47.192,-0.21126,0.04,VRC,335
47.19221,-0.21169,0.97,VRC,8148
47.19256,-0.21097,0.94,MIS,10029
47.19292,-0.21109,1.1,BDH,11088
47.19937,-0.2119,0.45,VRC,3780
47.20162,-0.21348,0.5,MIS,5335
47.20022,-0.21238,1.06,VRC,8904
47.19982,-0.21213,0.67,VRC,5628
47.20281,-0.21226,3.84,TRN,33600
47.21712,-0.21236,6.79,BDH,68443
47.14958,-0.20352,1.58,VRC,13272
47.1826,-0.2093,0.33,VRC,2772
47.18494,-0.20956,0.54,BTH,5443
47.186,-0.21002,0.31,BDH,3124
47.18954,-0.20988,0.57,BTH,5745
47.18323,-0.20871,2.25,BTH,22680
47.1878,-0.20908,0.99,VRC,8315
47.18874,-0.20957,0.75,BTH,7560
47.18916,-0.20898,0.17,VRC,1428
47.1903,-0.20915,0.69,VRC,5795
47.19368,-0.2102,1.58,BTH,15926
47.19457,-0.21013,2.52,MIS,26888
47.19543,-0.21071,0.73,VRC,6132
47.19084,-0.20938,0.06,VRC,504
47.18182,-0.20779,0.95,TRN,8312
47.1856,-0.20854,2.87,BTH,28929
47.18757,-0.20829,0.09,VRC,756
47.18821,-0.20826,0.38,VRC,3192
47.18632,-0.20761,0.44,VRC,3696
47.18838,-0.20792,0.17,MIS,1813
47.188,-0.20773,0.46,MIS,4908
47.15308,-0.20351,0.28,ORH,1878
47.19015,-0.20785,2.92,BTH,29433
47.18834,-0.20743,0.19,VRC,1596
47.19032,-0.20842,0.14,VRC,1176
47.19026,-0.20811,0.12,VRC,1008
47.19012,-0.20804,0.43,VRN,3612
47.2004,-0.2108,0.73,VRC,6132
47.20148,-0.21041,1.15,BTH,11591
47.21208,-0.20956,3.13,TRN,27387
47.21361,-0.20948,0.76,VRC,6384
47.21398,-0.20948,0.87,VRC,7307
47.2164,-0.21017,2.53,BDH,25502
47.21604,-0.2086,1.77,BDH,17841
47.15061,-0.20419,0.31,VRC,2603
47.1466,-0.20265,4.1,VRC,34440
47.15026,-0.20392,0.73,VRC,6132
47.15076,-0.20362,0.24,VRC,2016
47.15175,-0.20328,0.32,VRC,2687
47.15486,-0.20518,0.12,VRC,1008
47.1555,-0.20499,0.5,VRC,4199
47.15741,-0.20509,1.68,VRC,14111
47.15536,-0.2045,0.37,ORH,2482
47.15943,-0.20477,2.26,VRC,18984
47.16178,-0.20504,0.84,BTH,8467
47.15535,-0.20424,0.24,VRC,2016
47.15518,-0.20395,0.99,VRC,8315
47.15488,-0.20363,0.13,VRN,1091
47.14856,-0.20284,0.52,VRC,4367
47.14849,-0.20239,0.18,VRC,1512
47.15107,-0.20288,0.09,VRC,756
47.15136,-0.20302,0.12,VRC,1008
47.15124,-0.20291,0.03,VRC,252
47.15365,-0.20305,0.38,ORH,2549
47.14988,-0.20207,1.55,VRC,13020
47.1496,-0.2025,0.17,VRC,1428
47.15322,-0.20284,0.33,VRC,2772
47.15156,-0.20236,0.62,VRC,5207
47.15112,-0.20178,0.5,VRC,4199
47.15352,-0.20183,0.69,VRC,5795
47.15448,-0.20329,1.31,VRC,11004
47.15482,-0.20236,1.16,VRC,9743
47.15328,-0.20071,0.1,VRC,840
47.16221,-0.20306,6.76,BTH,68140
47.16411,-0.2049,2.21,BTH,22276
47.17463,-0.2057,2.9,TRN,25375
47.17846,-0.20333,8.63,SOG,85609
47.14884,-0.20144,0.06,VRC,504
47.14655,-0.20048,1.32,VRC,11088
47.1488,-0.20072,0.18,BTH,1814
47.14923,-0.20102,0.26,ORH,1744
47.1506,-0.20144,0.7,VRC,5879
47.1532,-0.20133,0.78,VRC,6552
47.15084,-0.20099,0.25,VRC,2099
47.1533,-0.20086,0.21,VRC,1763
47.14556,-0.20043,2.44,VRC,20496
47.14715,-0.20004,1.44,VRC,12096
47.14949,-0.20008,4.65,VRC,39060
47.15324,-0.19987,0.95,VRC,7979
47.15502,-0.20156,0.74,VRC,6215
47.15458,-0.20109,0.41,VRN,3444
47.15458,-0.2006,1.12,VRC,9408
47.14792,-0.19875,1.41,VRC,11843
47.15243,-0.19984,1.16,VRC,9743
47.14942,-0.1992,0.35,VRC,2939
47.15012,-0.19868,0.1,VRC,840
47.1503,-0.19895,0.57,ORH,3824
47.14933,-0.19821,0.15,ORH,1006
47.15247,-0.19878,1.16,VRC,9743
47.15924,-0.19907,3.44,BTH,34675
47.1606,-0.19954,2.64,BTH,26611
47.17798,-0.20229,1.17,VRC,9828
47.1774,-0.20103,1.82,VRC,15287
47.18752,-0.20667,0.8,TRN,7000
47.18802,-0.20661,0.3,TRN,2625
47.1884,-0.20646,0.43,VRC,3612
47.18966,-0.20636,0.2,BTH,2016
47.18848,-0.20589,0.19,VRC,1596
47.18953,-0.20601,0.27,BTH,2721
47.1878,-0.20557,0.11,VRC,924
47.18788,-0.20548,0.07,VRC,588
47.19451,-0.20625,4.61,BTH,46468
47.19608,-0.20737,3.58,MIE,38198
47.19034,-0.20637,0.28,VRN,2352
47.19051,-0.20643,0.11,VRC,924
47.19282,-0.20663,12.96,BTH,130636
47.19058,-0.20577,0.34,VRC,2856
47.18783,-0.20501,0.55,TRN,4812
47.18848,-0.20542,0.09,VRN,756
47.18884,-0.20483,0.57,VRC,4787
47.18996,-0.20521,0.27,VRN,2268
47.1899,-0.20485,0.11,VRC,924
47.18968,-0.20513,0.26,VRC,2183
47.18936,-0.20501,0.4,MIS,4268
47.18628,-0.20461,2.05,ORP,13755
47.18775,-0.20441,0.25,VRC,2099
47.18906,-0.20429,0.2,VRC,1680
47.18854,-0.20427,0.22,VRC,1848
47.19058,-0.2049,0.85,BTH,8568
47.20458,-0.20781,1.57,MIS,16751
